1 125 1
2 125 1
9 125 1
10 125 1
11 125 1
23 125 1
24 125 1
25 125 1
26 125 1
46 125 1
51 125 1
52 125 1
53 125 1
56 125 1
63 125 1
78 125 1
84 125 1
86 125 1
87 125 1
90 125 1
1 126 1
5 126 1
7 126 1
9 126 1
10 126 1
11 126 1
12 126 1
15 126 1
16 126 1
17 126 1
18 126 1
20 126 1
22 126 1
24 126 1
25 126 1
26 126 1
27 126 1
29 126 1
30 126 1
32 126 1
33 126 1
35 126 1
42 126 1
51 126 1
53 126 1
55 126 1
56 126 1
57 126 1
58 126 1
59 126 1
60 126 1
61 126 1
63 126 1
67 126 1
71 126 1
72 126 1
76 126 1
79 126 1
80 126 1
82 126 1
84 126 1
87 126 1
88 126 1
89 126 1
90 126 1
91 126 1
92 126 1
94 126 1
95 126 1
96 126 1
97 126 1
98 126 1
102 126 1
103 126 1
104 126 1
106 126 1
107 126 1
109 126 1
110 126 1
111 126 1
115 126 1
116 126 1
117 126 1
123 126 1
9 127 1
23 127 1
24 127 1
26 127 1
39 127 1
57 127 1
79 127 1
84 127 1
89 127 1
96 127 1
98 127 1
102 127 1
105 127 1
117 127 1
1 128 1
51 128 1
63 128 1
70 128 1
90 128 1
94 128 1
99 128 1
113 128 1
115 128 1
116 128 1
119 128 1
120 128 1
1 129 1
30 129 1
56 129 1
78 129 1
87 129 1
98 129 1
99 129 1
104 129 1
2 130 1
3 130 1
4 130 1
5 130 1
7 130 1
8 130 1
9 130 1
12 130 1
13 130 1
14 130 1
22 130 1
24 130 1
26 130 1
27 130 1
28 130 1
29 130 1
30 130 1
37 130 1
38 130 1
39 130 1
47 130 1
58 130 1
63 130 1
64 130 1
65 130 1
74 130 1
79 130 1
84 130 1
85 130 1
91 130 1
94 130 1
97 130 1
98 130 1
102 130 1
103 130 1
104 130 1
106 130 1
108 130 1
111 130 1
2 131 1
3 131 1
4 131 1
7 131 1
9 131 1
10 131 1
11 131 1
12 131 1
13 131 1
14 131 1
16 131 1
17 131 1
18 131 1
19 131 1
20 131 1
21 131 1
22 131 1
23 131 1
24 131 1
25 131 1
26 131 1
27 131 1
28 131 1
29 131 1
30 131 1
31 131 1
34 131 1
35 131 1
36 131 1
37 131 1
39 131 1
47 131 1
49 131 1
52 131 1
53 131 1
54 131 1
55 131 1
58 131 1
59 131 1
60 131 1
61 131 1
62 131 1
63 131 1
66 131 1
67 131 1
72 131 1
75 131 1
77 131 1
84 131 1
85 131 1
86 131 1
87 131 1
88 131 1
90 131 1
95 131 1
99 131 1
102 131 1
103 131 1
104 131 1
106 131 1
107 131 1
108 131 1
109 131 1
110 131 1
112 131 1
115 131 1
116 131 1
117 131 1
2 132 1
9 132 1
11 132 1
12 132 1
13 132 1
15 132 1
17 132 1
18 132 1
20 132 1
22 132 1
25 132 1
26 132 1
28 132 1
29 132 1
32 132 1
33 132 1
34 132 1
38 132 1
51 132 1
53 132 1
54 132 1
56 132 1
57 132 1
58 132 1
59 132 1
60 132 1
61 132 1
62 132 1
63 132 1
67 132 1
68 132 1
70 132 1
71 132 1
73 132 1
77 132 1
79 132 1
84 132 1
85 132 1
86 132 1
87 132 1
89 132 1
90 132 1
94 132 1
102 132 1
103 132 1
104 132 1
106 132 1
108 132 1
109 132 1
110 132 1
111 132 1
112 132 1
113 132 1
114 132 1
115 132 1
116 132 1
2 133 1
4 133 1
9 133 1
10 133 1
27 133 1
50 133 1
51 133 1
53 133 1
55 133 1
57 133 1
59 133 1
60 133 1
63 133 1
67 133 1
70 133 1
72 133 1
84 133 1
86 133 1
91 133 1
96 133 1
103 133 1
104 133 1
106 133 1
111 133 1
112 133 1
113 133 1
114 133 1
115 133 1
116 133 1
117 133 1
120 133 1
123 133 1
2 134 1
3 134 1
4 134 1
5 134 1
6 134 1
7 134 1
8 134 1
9 134 1
12 134 1
13 134 1
14 134 1
15 134 1
16 134 1
17 134 1
19 134 1
22 134 1
23 134 1
25 134 1
26 134 1
28 134 1
31 134 1
34 134 1
36 134 1
37 134 1
38 134 1
39 134 1
40 134 1
41 134 1
43 134 1
45 134 1
51 134 1
53 134 1
56 134 1
57 134 1
59 134 1
60 134 1
62 134 1
65 134 1
66 134 1
70 134 1
78 134 1
79 134 1
80 134 1
81 134 1
82 134 1
84 134 1
87 134 1
88 134 1
89 134 1
91 134 1
93 134 1
97 134 1
98 134 1
99 134 1
100 134 1
103 134 1
104 134 1
105 134 1
106 134 1
108 134 1
110 134 1
111 134 1
112 134 1
113 134 1
114 134 1
115 134 1
116 134 1
117 134 1
118 134 1
120 134 1
121 134 1
122 134 1
123 134 1
1 135 1
2 135 1
3 135 1
4 135 1
5 135 1
9 135 1
13 135 1
14 135 1
16 135 1
17 135 1
18 135 1
20 135 1
22 135 1
24 135 1
25 135 1
26 135 1
27 135 1
29 135 1
30 135 1
32 135 1
33 135 1
38 135 1
40 135 1
42 135 1
51 135 1
53 135 1
56 135 1
57 135 1
58 135 1
59 135 1
60 135 1
63 135 1
66 135 1
67 135 1
70 135 1
72 135 1
77 135 1
78 135 1
79 135 1
80 135 1
82 135 1
83 135 1
84 135 1
85 135 1
86 135 1
89 135 1
90 135 1
94 135 1
95 135 1
97 135 1
99 135 1
102 135 1
103 135 1
104 135 1
105 135 1
107 135 1
108 135 1
109 135 1
110 135 1
111 135 1
112 135 1
114 135 1
115 135 1
116 135 1
117 135 1
121 135 1
2 136 1
3 136 1
7 136 1
10 136 1
13 136 1
14 136 1
15 136 1
19 136 1
22 136 1
23 136 1
24 136 1
26 136 1
35 136 1
42 136 1
43 136 1
44 136 1
45 136 1
51 136 1
56 136 1
59 136 1
60 136 1
63 136 1
66 136 1
68 136 1
79 136 1
86 136 1
89 136 1
102 136 1
104 136 1
106 136 1
111 136 1
115 136 1
116 136 1
117 136 1
120 136 1
1 137 1
2 137 1
3 137 1
4 137 1
5 137 1
9 137 1
10 137 1
12 137 1
13 137 1
18 137 1
20 137 1
22 137 1
24 137 1
25 137 1
26 137 1
27 137 1
29 137 1
30 137 1
36 137 1
37 137 1
38 137 1
40 137 1
42 137 1
43 137 1
47 137 1
48 137 1
49 137 1
51 137 1
53 137 1
54 137 1
55 137 1
56 137 1
58 137 1
59 137 1
60 137 1
63 137 1
64 137 1
66 137 1
67 137 1
68 137 1
69 137 1
70 137 1
72 137 1
75 137 1
76 137 1
78 137 1
83 137 1
84 137 1
85 137 1
86 137 1
87 137 1
88 137 1
89 137 1
90 137 1
91 137 1
92 137 1
94 137 1
95 137 1
96 137 1
99 137 1
102 137 1
103 137 1
104 137 1
105 137 1
106 137 1
108 137 1
109 137 1
110 137 1
111 137 1
112 137 1
114 137 1
115 137 1
116 137 1
117 137 1
119 137 1
120 137 1
122 137 1
123 137 1
2 138 1
4 138 1
5 138 1
7 138 1
8 138 1
9 138 1
10 138 1
14 138 1
15 138 1
22 138 1
26 138 1
27 138 1
29 138 1
30 138 1
31 138 1
36 138 1
37 138 1
38 138 1
39 138 1
42 138 1
46 138 1
49 138 1
51 138 1
53 138 1
59 138 1
60 138 1
63 138 1
64 138 1
65 138 1
66 138 1
67 138 1
68 138 1
69 138 1
70 138 1
72 138 1
73 138 1
74 138 1
79 138 1
85 138 1
87 138 1
88 138 1
91 138 1
94 138 1
97 138 1
103 138 1
104 138 1
105 138 1
106 138 1
107 138 1
111 138 1
2 139 1
4 139 1
5 139 1
6 139 1
8 139 1
10 139 1
16 139 1
22 139 1
24 139 1
27 139 1
28 139 1
29 139 1
30 139 1
37 139 1
58 139 1
59 139 1
60 139 1
67 139 1
69 139 1
70 139 1
86 139 1
95 139 1
103 139 1
111 139 1
112 139 1
116 139 1
121 139 1
123 139 1
2 140 1
9 140 1
10 140 1
22 140 1
23 140 1
27 140 1
28 140 1
36 140 1
37 140 1
38 140 1
51 140 1
53 140 1
59 140 1
60 140 1
65 140 1
70 140 1
72 140 1
76 140 1
85 140 1
91 140 1
92 140 1
93 140 1
94 140 1
96 140 1
98 140 1
99 140 1
100 140 1
103 140 1
104 140 1
106 140 1
107 140 1
110 140 1
111 140 1
114 140 1
116 140 1
122 140 1
2 141 1
8 141 1
9 141 1
12 141 1
14 141 1
16 141 1
23 141 1
27 141 1
28 141 1
29 141 1
31 141 1
36 141 1
37 141 1
38 141 1
51 141 1
59 141 1
60 141 1
65 141 1
66 141 1
67 141 1
68 141 1
69 141 1
70 141 1
72 141 1
73 141 1
76 141 1
79 141 1
82 141 1
84 141 1
85 141 1
87 141 1
94 141 1
96 141 1
99 141 1
103 141 1
105 141 1
106 141 1
111 141 1
115 141 1
116 141 1
2 142 1
3 142 1
4 142 1
5 142 1
6 142 1
7 142 1
9 142 1
10 142 1
12 142 1
13 142 1
15 142 1
16 142 1
19 142 1
22 142 1
24 142 1
25 142 1
26 142 1
28 142 1
29 142 1
31 142 1
33 142 1
36 142 1
37 142 1
38 142 1
43 142 1
47 142 1
49 142 1
54 142 1
56 142 1
59 142 1
60 142 1
61 142 1
63 142 1
67 142 1
71 142 1
72 142 1
73 142 1
74 142 1
75 142 1
76 142 1
84 142 1
85 142 1
86 142 1
91 142 1
92 142 1
94 142 1
95 142 1
96 142 1
99 142 1
103 142 1
104 142 1
105 142 1
107 142 1
109 142 1
110 142 1
111 142 1
112 142 1
116 142 1
2 143 1
3 143 1
4 143 1
7 143 1
9 143 1
10 143 1
15 143 1
16 143 1
22 143 1
24 143 1
26 143 1
27 143 1
31 143 1
36 143 1
40 143 1
43 143 1
56 143 1
58 143 1
59 143 1
60 143 1
63 143 1
70 143 1
71 143 1
72 143 1
73 143 1
86 143 1
87 143 1
91 143 1
95 143 1
96 143 1
104 143 1
105 143 1
106 143 1
111 143 1
112 143 1
113 143 1
115 143 1
116 143 1
121 143 1
123 143 1
124 143 1
2 144 1
4 144 1
5 144 1
8 144 1
9 144 1
10 144 1
12 144 1
13 144 1
15 144 1
16 144 1
21 144 1
22 144 1
27 144 1
28 144 1
30 144 1
31 144 1
36 144 1
37 144 1
43 144 1
49 144 1
50 144 1
58 144 1
59 144 1
60 144 1
61 144 1
62 144 1
63 144 1
66 144 1
67 144 1
69 144 1
72 144 1
73 144 1
74 144 1
76 144 1
79 144 1
84 144 1
86 144 1
91 144 1
92 144 1
94 144 1
103 144 1
104 144 1
105 144 1
107 144 1
111 144 1
114 144 1
2 145 1
7 145 1
16 145 1
57 145 1
84 145 1
88 145 1
111 145 1
116 145 1
121 145 1
2 146 1
9 146 1
17 146 1
23 146 1
26 146 1
30 146 1
32 146 1
52 146 1
53 146 1
54 146 1
55 146 1
59 146 1
79 146 1
80 146 1
81 146 1
84 146 1
87 146 1
88 146 1
91 146 1
98 146 1
103 146 1
106 146 1
109 146 1
117 146 1
122 146 1
2 147 1
5 147 1
8 147 1
9 147 1
10 147 1
12 147 1
14 147 1
15 147 1
16 147 1
22 147 1
26 147 1
27 147 1
28 147 1
29 147 1
31 147 1
37 147 1
38 147 1
39 147 1
43 147 1
47 147 1
48 147 1
49 147 1
50 147 1
53 147 1
54 147 1
56 147 1
59 147 1
63 147 1
69 147 1
70 147 1
74 147 1
75 147 1
79 147 1
80 147 1
82 147 1
85 147 1
87 147 1
88 147 1
91 147 1
94 147 1
96 147 1
97 147 1
99 147 1
102 147 1
103 147 1
104 147 1
107 147 1
111 147 1
115 147 1
116 147 1
118 147 1
121 147 1
123 147 1
2 148 1
26 148 1
36 148 1
54 148 1
59 148 1
70 148 1
72 148 1
89 148 1
90 148 1
91 148 1
93 148 1
104 148 1
106 148 1
107 148 1
111 148 1
112 148 1
115 148 1
116 148 1
120 148 1
2 149 1
5 149 1
7 149 1
51 149 1
58 149 1
78 149 1
105 149 1
121 149 1
2 150 1
3 150 1
9 150 1
10 150 1
27 150 1
29 150 1
36 150 1
38 150 1
49 150 1
50 150 1
59 150 1
70 150 1
73 150 1
91 150 1
94 150 1
103 150 1
111 150 1
112 150 1
122 150 1
123 150 1
3 151 1
4 151 1
9 151 1
11 151 1
15 151 1
16 151 1
27 151 1
28 151 1
29 151 1
37 151 1
46 151 1
51 151 1
59 151 1
63 151 1
68 151 1
72 151 1
75 151 1
85 151 1
87 151 1
91 151 1
94 151 1
104 151 1
105 151 1
107 151 1
111 151 1
12 152 1
56 152 1
82 152 1
84 152 1
93 152 1
94 152 1
100 152 1
103 152 1
104 152 1
106 152 1
113 152 1
116 152 1
117 152 1
120 152 1
51 153 1
60 153 1
70 153 1
79 153 1
84 153 1
90 153 1
94 153 1
96 153 1
97 153 1
98 153 1
99 153 1
100 153 1
103 153 1
104 153 1
112 153 1
113 153 1
114 153 1
115 153 1
116 153 1
123 153 1
12 154 1
51 154 1
56 154 1
70 154 1
75 154 1
84 154 1
97 154 1
99 154 1
100 154 1
101 154 1
106 154 1
111 154 1
113 154 1
115 154 1
116 154 1
84 155 1
97 155 1
112 155 1
115 155 1
116 155 1
9 156 1
11 156 1
24 156 1
26 156 1
30 156 1
46 156 1
51 156 1
79 156 1
84 156 1
87 156 1
90 156 1
97 156 1
99 156 1
104 156 1
107 156 1
2 157 1
5 157 1
9 157 1
12 157 1
16 157 1
17 157 1
19 157 1
23 157 1
24 157 1
26 157 1
27 157 1
30 157 1
31 157 1
36 157 1
45 157 1
46 157 1
51 157 1
53 157 1
54 157 1
55 157 1
58 157 1
60 157 1
63 157 1
67 157 1
71 157 1
80 157 1
81 157 1
84 157 1
85 157 1
86 157 1
87 157 1
88 157 1
91 157 1
94 157 1
99 157 1
103 157 1
106 157 1
108 157 1
111 157 1
113 157 1
114 157 1
115 157 1
121 157 1
2 158 1
5 158 1
9 158 1
11 158 1
18 158 1
23 158 1
24 158 1
26 158 1
27 158 1
29 158 1
30 158 1
46 158 1
51 158 1
60 158 1
71 158 1
83 158 1
87 158 1
90 158 1
91 158 1
94 158 1
95 158 1
96 158 1
106 158 1
115 158 1
116 158 1
2 159 1
3 159 1
4 159 1
9 159 1
10 159 1
12 159 1
14 159 1
15 159 1
18 159 1
19 159 1
21 159 1
22 159 1
23 159 1
24 159 1
25 159 1
26 159 1
30 159 1
31 159 1
34 159 1
36 159 1
38 159 1
45 159 1
51 159 1
52 159 1
53 159 1
54 159 1
55 159 1
58 159 1
59 159 1
60 159 1
61 159 1
62 159 1
77 159 1
85 159 1
86 159 1
91 159 1
94 159 1
95 159 1
107 159 1
115 159 1
3 160 1
15 160 1
20 160 1
22 160 1
24 160 1
26 160 1
28 160 1
31 160 1
37 160 1
38 160 1
51 160 1
52 160 1
53 160 1
54 160 1
55 160 1
57 160 1
61 160 1
62 160 1
67 160 1
79 160 1
86 160 1
87 160 1
88 160 1
94 160 1
103 160 1
104 160 1
113 160 1
114 160 1
115 160 1
3 161 1
5 161 1
8 161 1
9 161 1
10 161 1
16 161 1
23 161 1
24 161 1
25 161 1
26 161 1
27 161 1
30 161 1
36 161 1
53 161 1
54 161 1
60 161 1
63 161 1
78 161 1
88 161 1
91 161 1
94 161 1
95 161 1
96 161 1
98 161 1
104 161 1
106 161 1
113 161 1
115 161 1
116 161 1
4 162 1
9 162 1
23 162 1
27 162 1
56 162 1
59 162 1
85 162 1
94 162 1
108 162 1
111 162 1
118 162 1
122 162 1
123 162 1
1 163 1
2 163 1
5 163 1
9 163 1
10 163 1
24 163 1
31 163 1
38 163 1
51 163 1
56 163 1
63 163 1
79 163 1
83 163 1
84 163 1
85 163 1
93 163 1
94 163 1
96 163 1
98 163 1
99 163 1
100 163 1
102 163 1
103 163 1
104 163 1
106 163 1
114 163 1
116 163 1
118 163 1
120 163 1
122 163 1
4 164 1
5 164 1
9 164 1
10 164 1
22 164 1
23 164 1
26 164 1
28 164 1
30 164 1
34 164 1
37 164 1
51 164 1
56 164 1
57 164 1
60 164 1
70 164 1
79 164 1
82 164 1
83 164 1
84 164 1
86 164 1
87 164 1
88 164 1
89 164 1
90 164 1
93 164 1
94 164 1
96 164 1
98 164 1
99 164 1
102 164 1
106 164 1
111 164 1
112 164 1
114 164 1
115 164 1
116 164 1
117 164 1
120 164 1
122 164 1
123 164 1
9 165 1
10 165 1
18 165 1
21 165 1
22 165 1
23 165 1
24 165 1
29 165 1
30 165 1
51 165 1
58 165 1
63 165 1
67 165 1
85 165 1
86 165 1
87 165 1
104 165 1
107 165 1
109 165 1
111 165 1
1 166 1
2 166 1
4 166 1
5 166 1
9 166 1
11 166 1
13 166 1
14 166 1
16 166 1
17 166 1
20 166 1
23 166 1
24 166 1
25 166 1
26 166 1
30 166 1
31 166 1
32 166 1
34 166 1
35 166 1
40 166 1
51 166 1
53 166 1
54 166 1
55 166 1
57 166 1
58 166 1
59 166 1
60 166 1
61 166 1
62 166 1
70 166 1
72 166 1
76 166 1
78 166 1
79 166 1
81 166 1
84 166 1
87 166 1
88 166 1
90 166 1
91 166 1
93 166 1
95 166 1
97 166 1
99 166 1
112 166 1
113 166 1
115 166 1
116 166 1
117 166 1
7 167 1
9 167 1
23 167 1
60 167 1
70 167 1
76 167 1
82 167 1
84 167 1
85 167 1
94 167 1
96 167 1
97 167 1
111 167 1
120 167 1
121 167 1
123 167 1
2 168 1
5 168 1
9 168 1
16 168 1
23 168 1
24 168 1
27 168 1
31 168 1
53 168 1
57 168 1
87 168 1
91 168 1
23 169 1
26 169 1
41 169 1
51 169 1
52 169 1
98 169 1
100 169 1
2 170 1
4 170 1
9 170 1
17 170 1
22 170 1
23 170 1
24 170 1
25 170 1
26 170 1
27 170 1
30 170 1
32 170 1
40 170 1
51 170 1
52 170 1
53 170 1
54 170 1
59 170 1
62 170 1
63 170 1
71 170 1
87 170 1
88 170 1
89 170 1
91 170 1
93 170 1
98 170 1
112 170 1
113 170 1
115 170 1
9 171 1
10 171 1
23 171 1
27 171 1
30 171 1
79 171 1
84 171 1
86 171 1
87 171 1
91 171 1
98 171 1
103 171 1
104 171 1
111 171 1
114 171 1
115 171 1
23 172 1
88 172 1
22 173 1
30 173 1
40 173 1
51 173 1
56 173 1
57 173 1
84 173 1
94 173 1
98 173 1
104 173 1
113 173 1
115 173 1
116 173 1
120 173 1
123 173 1
3 174 1
4 174 1
5 174 1
9 174 1
10 174 1
12 174 1
15 174 1
17 174 1
18 174 1
19 174 1
22 174 1
23 174 1
24 174 1
25 174 1
26 174 1
30 174 1
33 174 1
34 174 1
41 174 1
42 174 1
46 174 1
52 174 1
53 174 1
54 174 1
55 174 1
60 174 1
61 174 1
62 174 1
76 174 1
77 174 1
87 174 1
91 174 1
94 174 1
95 174 1
108 174 1
112 174 1
2 175 1
3 175 1
4 175 1
5 175 1
6 175 1
7 175 1
8 175 1
9 175 1
12 175 1
13 175 1
14 175 1
15 175 1
16 175 1
17 175 1
19 175 1
24 175 1
28 175 1
34 175 1
36 175 1
37 175 1
38 175 1
41 175 1
52 175 1
53 175 1
58 175 1
59 175 1
60 175 1
61 175 1
71 175 1
75 175 1
76 175 1
77 175 1
79 175 1
85 175 1
87 175 1
89 175 1
94 175 1
103 175 1
104 175 1
107 175 1
108 175 1
109 175 1
2 176 1
3 176 1
4 176 1
5 176 1
6 176 1
8 176 1
9 176 1
12 176 1
14 176 1
17 176 1
19 176 1
21 176 1
22 176 1
24 176 1
26 176 1
28 176 1
34 176 1
36 176 1
37 176 1
38 176 1
40 176 1
41 176 1
52 176 1
53 176 1
57 176 1
62 176 1
63 176 1
71 176 1
74 176 1
75 176 1
76 176 1
87 176 1
103 176 1
107 176 1
108 176 1
10 177 1
11 177 1
24 177 1
27 177 1
30 177 1
51 177 1
58 177 1
79 177 1
84 177 1
86 177 1
87 177 1
91 177 1
95 177 1
99 177 1
114 177 1
117 177 1
9 178 1
10 178 1
27 178 1
31 178 1
55 178 1
58 178 1
63 178 1
70 178 1
72 178 1
76 178 1
79 178 1
82 178 1
84 178 1
86 178 1
91 178 1
92 178 1
93 178 1
94 178 1
96 178 1
97 178 1
102 178 1
104 178 1
106 178 1
110 178 1
111 178 1
112 178 1
3 179 1
4 179 1
8 179 1
9 179 1
10 179 1
12 179 1
13 179 1
22 179 1
24 179 1
26 179 1
27 179 1
29 179 1
35 179 1
36 179 1
44 179 1
47 179 1
53 179 1
58 179 1
59 179 1
62 179 1
63 179 1
64 179 1
65 179 1
66 179 1
67 179 1
70 179 1
76 179 1
79 179 1
103 179 1
104 179 1
105 179 1
107 179 1
111 179 1
112 179 1
115 179 1
116 179 1
122 179 1
123 179 1
9 180 1
15 180 1
23 180 1
24 180 1
25 180 1
27 180 1
28 180 1
29 180 1
30 180 1
36 180 1
37 180 1
47 180 1
51 180 1
58 180 1
59 180 1
63 180 1
67 180 1
73 180 1
76 180 1
86 180 1
88 180 1
91 180 1
92 180 1
94 180 1
96 180 1
103 180 1
104 180 1
106 180 1
107 180 1
110 180 1
111 180 1
122 180 1
2 181 1
3 181 1
4 181 1
5 181 1
7 181 1
8 181 1
9 181 1
12 181 1
13 181 1
14 181 1
15 181 1
28 181 1
29 181 1
31 181 1
36 181 1
37 181 1
38 181 1
43 181 1
47 181 1
49 181 1
61 181 1
67 181 1
72 181 1
74 181 1
82 181 1
85 181 1
91 181 1
92 181 1
94 181 1
99 181 1
103 181 1
104 181 1
105 181 1
106 181 1
107 181 1
111 181 1
116 181 1
4 182 1
43 182 1
59 182 1
60 182 1
63 182 1
70 182 1
86 182 1
111 182 1
3 183 1
8 183 1
32 183 1
78 183 1
79 183 1
80 183 1
81 183 1
83 183 1
87 183 1
3 184 1
15 184 1
18 184 1
24 184 1
28 184 1
37 184 1
38 184 1
42 184 1
58 184 1
60 184 1
61 184 1
63 184 1
66 184 1
70 184 1
73 184 1
78 184 1
80 184 1
82 184 1
83 184 1
90 184 1
94 184 1
102 184 1
109 184 1
110 184 1
111 184 1
113 184 1
114 184 1
115 184 1
116 184 1
123 184 1
2 185 1
4 185 1
5 185 1
7 185 1
9 185 1
11 185 1
12 185 1
13 185 1
14 185 1
15 185 1
16 185 1
17 185 1
18 185 1
22 185 1
23 185 1
24 185 1
25 185 1
26 185 1
27 185 1
29 185 1
30 185 1
31 185 1
33 185 1
34 185 1
36 185 1
51 185 1
52 185 1
53 185 1
55 185 1
56 185 1
57 185 1
58 185 1
59 185 1
60 185 1
61 185 1
62 185 1
63 185 1
67 185 1
71 185 1
77 185 1
84 185 1
85 185 1
86 185 1
87 185 1
91 185 1
94 185 1
95 185 1
96 185 1
102 185 1
103 185 1
104 185 1
106 185 1
108 185 1
109 185 1
114 185 1
115 185 1
2 186 1
3 186 1
6 186 1
8 186 1
9 186 1
10 186 1
12 186 1
13 186 1
15 186 1
16 186 1
20 186 1
26 186 1
29 186 1
30 186 1
31 186 1
36 186 1
38 186 1
49 186 1
51 186 1
60 186 1
63 186 1
66 186 1
67 186 1
69 186 1
71 186 1
72 186 1
73 186 1
74 186 1
75 186 1
76 186 1
84 186 1
85 186 1
86 186 1
87 186 1
91 186 1
92 186 1
94 186 1
96 186 1
98 186 1
102 186 1
103 186 1
104 186 1
105 186 1
106 186 1
107 186 1
114 186 1
2 187 1
3 187 1
4 187 1
5 187 1
6 187 1
8 187 1
9 187 1
10 187 1
13 187 1
15 187 1
16 187 1
21 187 1
22 187 1
23 187 1
26 187 1
27 187 1
28 187 1
29 187 1
31 187 1
34 187 1
36 187 1
37 187 1
38 187 1
43 187 1
47 187 1
51 187 1
59 187 1
60 187 1
61 187 1
68 187 1
70 187 1
74 187 1
76 187 1
77 187 1
79 187 1
84 187 1
85 187 1
87 187 1
90 187 1
91 187 1
94 187 1
96 187 1
102 187 1
104 187 1
108 187 1
111 187 1
112 187 1
113 187 1
114 187 1
115 187 1
116 187 1
119 187 1
120 187 1
2 188 1
5 188 1
7 188 1
10 188 1
13 188 1
21 188 1
24 188 1
25 188 1
26 188 1
27 188 1
29 188 1
30 188 1
33 188 1
38 188 1
39 188 1
43 188 1
51 188 1
56 188 1
63 188 1
66 188 1
67 188 1
70 188 1
71 188 1
72 188 1
84 188 1
86 188 1
89 188 1
91 188 1
94 188 1
95 188 1
96 188 1
98 188 1
102 188 1
103 188 1
104 188 1
105 188 1
106 188 1
107 188 1
109 188 1
114 188 1
115 188 1
117 188 1
2 189 1
18 189 1
26 189 1
30 189 1
58 189 1
62 189 1
63 189 1
67 189 1
70 189 1
84 189 1
86 189 1
88 189 1
104 189 1
107 189 1
2 190 1
3 190 1
4 190 1
5 190 1
6 190 1
7 190 1
8 190 1
9 190 1
10 190 1
12 190 1
14 190 1
15 190 1
16 190 1
18 190 1
22 190 1
27 190 1
28 190 1
29 190 1
31 190 1
36 190 1
37 190 1
38 190 1
40 190 1
46 190 1
48 190 1
50 190 1
53 190 1
58 190 1
59 190 1
60 190 1
63 190 1
67 190 1
68 190 1
70 190 1
72 190 1
73 190 1
75 190 1
84 190 1
85 190 1
91 190 1
93 190 1
103 190 1
105 190 1
111 190 1
112 190 1
3 191 1
4 191 1
5 191 1
9 191 1
13 191 1
16 191 1
22 191 1
28 191 1
29 191 1
34 191 1
37 191 1
59 191 1
63 191 1
64 191 1
70 191 1
85 191 1
91 191 1
93 191 1
97 191 1
104 191 1
105 191 1
111 191 1
112 191 1
1 192 1
2 192 1
3 192 1
4 192 1
6 192 1
9 192 1
10 192 1
15 192 1
20 192 1
22 192 1
26 192 1
27 192 1
28 192 1
29 192 1
30 192 1
37 192 1
43 192 1
58 192 1
59 192 1
60 192 1
63 192 1
67 192 1
70 192 1
71 192 1
74 192 1
84 192 1
85 192 1
91 192 1
96 192 1
103 192 1
111 192 1
116 192 1
118 192 1
120 192 1
4 193 1
5 193 1
9 193 1
10 193 1
13 193 1
14 193 1
15 193 1
16 193 1
21 193 1
23 193 1
27 193 1
34 193 1
36 193 1
38 193 1
40 193 1
43 193 1
49 193 1
53 193 1
56 193 1
59 193 1
60 193 1
63 193 1
65 193 1
66 193 1
67 193 1
69 193 1
70 193 1
79 193 1
84 193 1
88 193 1
91 193 1
92 193 1
93 193 1
94 193 1
98 193 1
99 193 1
103 193 1
104 193 1
105 193 1
106 193 1
107 193 1
110 193 1
111 193 1
112 193 1
115 193 1
116 193 1
117 193 1
118 193 1
121 193 1
123 193 1
3 194 1
4 194 1
6 194 1
9 194 1
10 194 1
13 194 1
16 194 1
22 194 1
29 194 1
31 194 1
36 194 1
47 194 1
56 194 1
59 194 1
63 194 1
71 194 1
72 194 1
73 194 1
74 194 1
76 194 1
86 194 1
92 194 1
94 194 1
95 194 1
103 194 1
106 194 1
111 194 1
117 194 1
5 195 1
9 195 1
12 195 1
18 195 1
25 195 1
27 195 1
43 195 1
53 195 1
55 195 1
58 195 1
59 195 1
60 195 1
63 195 1
66 195 1
70 195 1
91 195 1
92 195 1
95 195 1
98 195 1
104 195 1
106 195 1
110 195 1
111 195 1
112 195 1
113 195 1
114 195 1
115 195 1
116 195 1
3 196 1
4 196 1
8 196 1
12 196 1
13 196 1
16 196 1
27 196 1
31 196 1
47 196 1
59 196 1
60 196 1
63 196 1
65 196 1
68 196 1
70 196 1
72 196 1
76 196 1
87 196 1
111 196 1
2 197 1
9 197 1
10 197 1
13 197 1
22 197 1
25 197 1
26 197 1
27 197 1
28 197 1
29 197 1
31 197 1
33 197 1
36 197 1
37 197 1
39 197 1
42 197 1
43 197 1
50 197 1
55 197 1
58 197 1
59 197 1
60 197 1
63 197 1
66 197 1
69 197 1
70 197 1
73 197 1
76 197 1
85 197 1
86 197 1
87 197 1
91 197 1
94 197 1
96 197 1
99 197 1
103 197 1
104 197 1
107 197 1
108 197 1
110 197 1
111 197 1
123 197 1
10 198 1
70 198 1
72 198 1
79 198 1
84 198 1
99 198 1
104 198 1
106 198 1
1 199 1
2 199 1
3 199 1
4 199 1
9 199 1
13 199 1
14 199 1
16 199 1
17 199 1
21 199 1
22 199 1
23 199 1
24 199 1
27 199 1
30 199 1
34 199 1
48 199 1
51 199 1
53 199 1
56 199 1
57 199 1
59 199 1
60 199 1
70 199 1
71 199 1
79 199 1
80 199 1
81 199 1
82 199 1
83 199 1
84 199 1
86 199 1
87 199 1
96 199 1
98 199 1
102 199 1
104 199 1
107 199 1
108 199 1
112 199 1
114 199 1
116 199 1
117 199 1
123 199 1
5 200 1
9 200 1
17 200 1
23 200 1
24 200 1
26 200 1
27 200 1
28 200 1
29 200 1
30 200 1
31 200 1
33 200 1
37 200 1
46 200 1
51 200 1
56 200 1
58 200 1
59 200 1
61 200 1
78 200 1
79 200 1
80 200 1
83 200 1
86 200 1
87 200 1
88 200 1
90 200 1
91 200 1
93 200 1
97 200 1
98 200 1
99 200 1
100 200 1
104 200 1
106 200 1
107 200 1
115 200 1
117 200 1
121 200 1
9 201 1
15 201 1
16 201 1
21 201 1
22 201 1
23 201 1
27 201 1
35 201 1
51 201 1
53 201 1
57 201 1
60 201 1
66 201 1
67 201 1
76 201 1
81 201 1
84 201 1
86 201 1
87 201 1
88 201 1
91 201 1
94 201 1
97 201 1
98 201 1
99 201 1
103 201 1
111 201 1
113 201 1
116 201 1
117 201 1
118 201 1
120 201 1
122 201 1
9 202 1
11 202 1
16 202 1
24 202 1
36 202 1
51 202 1
60 202 1
78 202 1
79 202 1
80 202 1
86 202 1
87 202 1
89 202 1
91 202 1
98 202 1
102 202 1
104 202 1
105 202 1
115 202 1
117 202 1
2 203 1
3 203 1
4 203 1
5 203 1
9 203 1
12 203 1
13 203 1
14 203 1
15 203 1
16 203 1
17 203 1
22 203 1
23 203 1
24 203 1
27 203 1
29 203 1
34 203 1
36 203 1
38 203 1
43 203 1
51 203 1
53 203 1
54 203 1
55 203 1
57 203 1
58 203 1
59 203 1
60 203 1
61 203 1
63 203 1
67 203 1
70 203 1
72 203 1
76 203 1
79 203 1
80 203 1
81 203 1
82 203 1
85 203 1
86 203 1
88 203 1
89 203 1
90 203 1
91 203 1
92 203 1
96 203 1
98 203 1
100 203 1
103 203 1
104 203 1
105 203 1
106 203 1
107 203 1
110 203 1
111 203 1
112 203 1
113 203 1
115 203 1
117 203 1
120 203 1
121 203 1
123 203 1
124 203 1
30 204 1
31 204 1
40 204 1
59 204 1
60 204 1
63 204 1
70 204 1
79 204 1
81 204 1
82 204 1
84 204 1
88 204 1
90 204 1
94 204 1
97 204 1
98 204 1
99 204 1
115 204 1
116 204 1
118 204 1
26 205 1
40 205 1
51 205 1
56 205 1
59 205 1
84 205 1
90 205 1
94 205 1
97 205 1
98 205 1
99 205 1
100 205 1
102 205 1
104 205 1
108 205 1
112 205 1
113 205 1
116 205 1
120 205 1
123 205 1
2 206 1
3 206 1
10 206 1
12 206 1
13 206 1
17 206 1
18 206 1
22 206 1
46 206 1
58 206 1
59 206 1
60 206 1
61 206 1
62 206 1
63 206 1
70 206 1
72 206 1
76 206 1
79 206 1
80 206 1
82 206 1
84 206 1
85 206 1
104 206 1
106 206 1
107 206 1
112 206 1
113 206 1
115 206 1
116 206 1
120 206 1
121 206 1
123 206 1
2 207 1
5 207 1
6 207 1
7 207 1
9 207 1
14 207 1
16 207 1
27 207 1
28 207 1
29 207 1
36 207 1
37 207 1
50 207 1
63 207 1
85 207 1
86 207 1
91 207 1
95 207 1
96 207 1
103 207 1
111 207 1
2 208 1
3 208 1
4 208 1
7 208 1
9 208 1
12 208 1
13 208 1
21 208 1
22 208 1
26 208 1
27 208 1
28 208 1
29 208 1
30 208 1
31 208 1
36 208 1
37 208 1
38 208 1
42 208 1
47 208 1
49 208 1
59 208 1
60 208 1
63 208 1
66 208 1
67 208 1
70 208 1
74 208 1
76 208 1
84 208 1
85 208 1
86 208 1
87 208 1
91 208 1
92 208 1
94 208 1
96 208 1
98 208 1
99 208 1
102 208 1
103 208 1
104 208 1
105 208 1
106 208 1
107 208 1
110 208 1
2 209 1
4 209 1
6 209 1
9 209 1
13 209 1
15 209 1
16 209 1
22 209 1
23 209 1
27 209 1
28 209 1
29 209 1
31 209 1
37 209 1
38 209 1
43 209 1
47 209 1
49 209 1
54 209 1
59 209 1
60 209 1
63 209 1
69 209 1
70 209 1
72 209 1
75 209 1
76 209 1
77 209 1
79 209 1
82 209 1
85 209 1
86 209 1
91 209 1
94 209 1
99 209 1
103 209 1
104 209 1
106 209 1
111 209 1
117 209 1
12 210 1
41 210 1
49 210 1
51 210 1
63 210 1
72 210 1
76 210 1
77 210 1
91 210 1
92 210 1
93 210 1
94 210 1
106 210 1
115 210 1
3 211 1
4 211 1
5 211 1
7 211 1
9 211 1
16 211 1
24 211 1
27 211 1
28 211 1
29 211 1
30 211 1
33 211 1
37 211 1
47 211 1
51 211 1
58 211 1
59 211 1
60 211 1
63 211 1
70 211 1
73 211 1
85 211 1
91 211 1
96 211 1
97 211 1
98 211 1
100 211 1
103 211 1
104 211 1
107 211 1
111 211 1
112 211 1
116 211 1
123 211 1
4 212 1
8 212 1
27 212 1
30 212 1
36 212 1
91 212 1
103 212 1
104 212 1
105 212 1
3 213 1
5 213 1
9 213 1
12 213 1
27 213 1
28 213 1
29 213 1
37 213 1
59 213 1
91 213 1
92 213 1
94 213 1
104 213 1
105 213 1
106 213 1
9 214 1
15 214 1
60 214 1
66 214 1
107 214 1
111 214 1
116 214 1
118 214 1
9 215 1
27 215 1
29 215 1
50 215 1
86 215 1
103 215 1
107 215 1
4 216 1
28 216 1
29 216 1
30 216 1
36 216 1
37 216 1
47 216 1
53 216 1
76 216 1
85 216 1
88 216 1
95 216 1
103 216 1
106 216 1
111 216 1
118 216 1
121 216 1
122 216 1
123 216 1
2 217 1
4 217 1
7 217 1
9 217 1
12 217 1
13 217 1
16 217 1
22 217 1
31 217 1
36 217 1
49 217 1
50 217 1
51 217 1
59 217 1
60 217 1
63 217 1
67 217 1
71 217 1
72 217 1
73 217 1
74 217 1
75 217 1
87 217 1
91 217 1
94 217 1
103 217 1
111 217 1
2 218 1
3 218 1
4 218 1
7 218 1
8 218 1
15 218 1
16 218 1
26 218 1
29 218 1
31 218 1
36 218 1
37 218 1
47 218 1
49 218 1
72 218 1
74 218 1
75 218 1
76 218 1
84 218 1
92 218 1
106 218 1
111 218 1
2 219 1
9 219 1
10 219 1
14 219 1
26 219 1
31 219 1
36 219 1
46 219 1
56 219 1
60 219 1
70 219 1
79 219 1
80 219 1
84 219 1
88 219 1
94 219 1
98 219 1
106 219 1
111 219 1
116 219 1
9 220 1
11 220 1
51 220 1
59 220 1
70 220 1
79 220 1
84 220 1
87 220 1
93 220 1
94 220 1
97 220 1
99 220 1
100 220 1
104 220 1
112 220 1
116 220 1
120 220 1
7 221 1
9 221 1
23 221 1
26 221 1
27 221 1
28 221 1
31 221 1
32 221 1
37 221 1
38 221 1
51 221 1
57 221 1
79 221 1
80 221 1
86 221 1
87 221 1
91 221 1
94 221 1
97 221 1
99 221 1
104 221 1
107 221 1
114 221 1
116 221 1
117 221 1
121 221 1
123 221 1
70 222 1
84 222 1
90 222 1
93 222 1
95 222 1
98 222 1
99 222 1
100 222 1
102 222 1
106 222 1
117 222 1
120 222 1
121 222 1
122 222 1
40 223 1
70 223 1
84 223 1
94 223 1
96 223 1
98 223 1
99 223 1
100 223 1
104 223 1
106 223 1
107 223 1
113 223 1
115 223 1
116 223 1
1 224 1
9 224 1
27 224 1
29 224 1
60 224 1
91 224 1
103 224 1
111 224 1
116 224 1
9 225 1
11 225 1
24 225 1
26 225 1
27 225 1
30 225 1
51 225 1
60 225 1
91 225 1
94 225 1
104 225 1
56 226 1
84 226 1
94 226 1
97 226 1
104 226 1
113 226 1
115 226 1
116 226 1
82 227 1
94 227 1
102 227 1
113 227 1
115 227 1
116 227 1
2 228 1
4 228 1
5 228 1
6 228 1
7 228 1
8 228 1
9 228 1
12 228 1
14 228 1
15 228 1
21 228 1
26 228 1
27 228 1
28 228 1
31 228 1
36 228 1
37 228 1
38 228 1
39 228 1
40 228 1
43 228 1
47 228 1
49 228 1
50 228 1
55 228 1
58 228 1
59 228 1
60 228 1
61 228 1
63 228 1
72 228 1
73 228 1
74 228 1
76 228 1
84 228 1
85 228 1
86 228 1
91 228 1
92 228 1
94 228 1
103 228 1
104 228 1
105 228 1
106 228 1
111 228 1
123 228 1
2 229 1
3 229 1
15 229 1
16 229 1
36 229 1
50 229 1
56 229 1
59 229 1
70 229 1
82 229 1
93 229 1
97 229 1
98 229 1
99 229 1
100 229 1
103 229 1
104 229 1
111 229 1
112 229 1
117 229 1
3 230 1
9 230 1
15 230 1
16 230 1
22 230 1
26 230 1
29 230 1
31 230 1
36 230 1
39 230 1
40 230 1
73 230 1
75 230 1
77 230 1
97 230 1
103 230 1
107 230 1
112 230 1
32 231 1
56 231 1
90 231 1
97 231 1
98 231 1
99 231 1
100 231 1
106 231 1
113 231 1
114 231 1
115 231 1
116 231 1
2 232 1
9 232 1
24 232 1
51 232 1
56 232 1
59 232 1
61 232 1
63 232 1
79 232 1
87 232 1
90 232 1
99 232 1
102 232 1
104 232 1
114 232 1
115 232 1
116 232 1
117 232 1
121 232 1
2 233 1
5 233 1
7 233 1
8 233 1
9 233 1
15 233 1
22 233 1
29 233 1
31 233 1
32 233 1
33 233 1
36 233 1
38 233 1
58 233 1
63 233 1
74 233 1
84 233 1
85 233 1
86 233 1
107 233 1
112 233 1
14 234 1
26 234 1
57 234 1
70 234 1
79 234 1
82 234 1
88 234 1
97 234 1
98 234 1
99 234 1
106 234 1
116 234 1
118 234 1
122 234 1
8 235 1
15 235 1
29 235 1
36 235 1
59 235 1
70 235 1
75 235 1
76 235 1
85 235 1
86 235 1
103 235 1
104 235 1
2 236 1
5 236 1
12 236 1
14 236 1
15 236 1
17 236 1
24 236 1
26 236 1
29 236 1
34 236 1
38 236 1
53 236 1
55 236 1
58 236 1
60 236 1
61 236 1
62 236 1
87 236 1
96 236 1
103 236 1
109 236 1
115 236 1
2 237 1
6 237 1
10 237 1
12 237 1
43 237 1
49 237 1
59 237 1
85 237 1
88 237 1
115 237 1
2 238 1
5 238 1
9 238 1
10 238 1
11 238 1
15 238 1
16 238 1
19 238 1
24 238 1
25 238 1
31 238 1
36 238 1
38 238 1
45 238 1
51 238 1
53 238 1
54 238 1
56 238 1
57 238 1
58 238 1
67 238 1
76 238 1
78 238 1
80 238 1
84 238 1
85 238 1
87 238 1
88 238 1
91 238 1
94 238 1
96 238 1
97 238 1
99 238 1
100 238 1
103 238 1
104 238 1
106 238 1
116 238 1
117 238 1
123 238 1
9 239 1
15 239 1
16 239 1
22 239 1
36 239 1
59 239 1
79 239 1
84 239 1
98 239 1
99 239 1
102 239 1
111 239 1
112 239 1
113 239 1
118 239 1
120 239 1
27 240 1
51 240 1
56 240 1
70 240 1
94 240 1
97 240 1
98 240 1
99 240 1
103 240 1
106 240 1
4 241 1
6 241 1
7 241 1
38 241 1
56 241 1
66 241 1
67 241 1
84 241 1
104 241 1
106 241 1
110 241 1
114 241 1
121 241 1
123 241 1
1 242 1
79 242 1
84 242 1
104 242 1
106 242 1
112 242 1
116 242 1
120 242 1
2 243 1
3 243 1
4 243 1
5 243 1
6 243 1
7 243 1
9 243 1
12 243 1
14 243 1
15 243 1
16 243 1
25 243 1
27 243 1
28 243 1
29 243 1
30 243 1
33 243 1
37 243 1
46 243 1
51 243 1
59 243 1
63 243 1
85 243 1
86 243 1
91 243 1
94 243 1
103 243 1
104 243 1
107 243 1
109 243 1
110 243 1
111 243 1
116 243 1
3 244 1
7 244 1
9 244 1
16 244 1
18 244 1
20 244 1
28 244 1
29 244 1
33 244 1
37 244 1
38 244 1
39 244 1
46 244 1
49 244 1
54 244 1
60 244 1
67 244 1
70 244 1
84 244 1
85 244 1
87 244 1
90 244 1
99 244 1
104 244 1
111 244 1
115 244 1
116 244 1
3 245 1
9 245 1
24 245 1
30 245 1
55 245 1
59 245 1
73 245 1
91 245 1
99 245 1
104 245 1
107 245 1
108 245 1
2 246 1
3 246 1
4 246 1
5 246 1
6 246 1
7 246 1
9 246 1
10 246 1
12 246 1
14 246 1
15 246 1
16 246 1
17 246 1
18 246 1
19 246 1
22 246 1
23 246 1
24 246 1
26 246 1
27 246 1
28 246 1
29 246 1
30 246 1
31 246 1
32 246 1
33 246 1
34 246 1
37 246 1
38 246 1
41 246 1
45 246 1
52 246 1
53 246 1
54 246 1
55 246 1
56 246 1
57 246 1
58 246 1
59 246 1
60 246 1
61 246 1
62 246 1
63 246 1
71 246 1
72 246 1
74 246 1
86 246 1
87 246 1
89 246 1
91 246 1
95 246 1
96 246 1
102 246 1
104 246 1
107 246 1
108 246 1
112 246 1
113 246 1
114 246 1
5 247 1
7 247 1
12 247 1
16 247 1
24 247 1
25 247 1
27 247 1
28 247 1
37 247 1
38 247 1
51 247 1
53 247 1
56 247 1
60 247 1
61 247 1
63 247 1
76 247 1
78 247 1
82 247 1
84 247 1
85 247 1
87 247 1
91 247 1
97 247 1
103 247 1
108 247 1
111 247 1
113 247 1
115 247 1
116 247 1
22 248 1
70 248 1
84 248 1
93 248 1
97 248 1
99 248 1
100 248 1
113 248 1
115 248 1
116 248 1
118 248 1
120 248 1
122 248 1
3 249 1
15 249 1
36 249 1
50 249 1
51 249 1
70 249 1
79 249 1
87 249 1
94 249 1
97 249 1
99 249 1
104 249 1
106 249 1
111 249 1
114 249 1
116 249 1
118 249 1
121 249 1
122 249 1
1 250 1
14 250 1
16 250 1
21 250 1
26 250 1
34 250 1
43 250 1
59 250 1
60 250 1
63 250 1
70 250 1
82 250 1
97 250 1
98 250 1
111 250 1
116 250 1
120 250 1
122 250 1
89 251 1
93 251 1
98 251 1
111 251 1
3 252 1
5 252 1
27 252 1
28 252 1
37 252 1
53 252 1
56 252 1
70 252 1
72 252 1
85 252 1
97 252 1
98 252 1
99 252 1
100 252 1
104 252 1
106 252 1
111 252 1
112 252 1
113 252 1
115 252 1
121 252 1
123 252 1
3 253 1
9 253 1
34 253 1
53 253 1
61 253 1
98 253 1
116 253 1
120 253 1
40 254 1
51 254 1
56 254 1
79 254 1
84 254 1
90 254 1
98 254 1
102 254 1
116 254 1
117 254 1
123 254 1
51 255 1
63 255 1
84 255 1
87 255 1
98 255 1
100 255 1
111 255 1
115 255 1
120 255 1
8 256 1
15 256 1
16 256 1
36 256 1
38 256 1
93 256 1
94 256 1
97 256 1
98 256 1
103 256 1
104 256 1
111 256 1
84 257 1
94 257 1
97 257 1
98 257 1
99 257 1
111 257 1
45 258 1
56 258 1
57 258 1
75 258 1
82 258 1
94 258 1
97 258 1
98 258 1
99 258 1
100 258 1
106 258 1
114 258 1
115 258 1
70 259 1
78 259 1
98 259 1
101 259 1
102 259 1
112 259 1
113 259 1
90 260 1
97 260 1
98 260 1
100 260 1
112 260 1
113 260 1
115 260 1
116 260 1
2 261 1
4 261 1
9 261 1
14 261 1
22 261 1
24 261 1
34 261 1
39 261 1
51 261 1
54 261 1
57 261 1
59 261 1
60 261 1
68 261 1
70 261 1
84 261 1
90 261 1
99 261 1
102 261 1
108 261 1
111 261 1
112 261 1
113 261 1
114 261 1
115 261 1
116 261 1
120 261 1
123 261 1
5 262 1
9 262 1
13 262 1
22 262 1
27 262 1
45 262 1
51 262 1
58 262 1
59 262 1
60 262 1
61 262 1
72 262 1
76 262 1
84 262 1
106 262 1
111 262 1
112 262 1
113 262 1
115 262 1
116 262 1
120 262 1
121 262 1
123 262 1
9 263 1
23 263 1
51 263 1
57 263 1
79 263 1
82 263 1
84 263 1
91 263 1
106 263 1
114 263 1
120 263 1
123 263 1
24 264 1
26 264 1
30 264 1
79 264 1
87 264 1
116 264 1
56 265 1
84 265 1
94 265 1
103 265 1
114 265 1
117 265 1
36 266 1
77 266 1
94 266 1
97 266 1
99 266 1
101 266 1
111 266 1
4 267 1
9 267 1
12 267 1
28 267 1
29 267 1
36 267 1
37 267 1
59 267 1
72 267 1
94 267 1
103 267 1
111 267 1
33 268 1
59 268 1
60 268 1
96 268 1
112 268 1
116 268 1
2 269 1
3 269 1
4 269 1
5 269 1
9 269 1
10 269 1
13 269 1
16 269 1
18 269 1
22 269 1
23 269 1
24 269 1
26 269 1
30 269 1
33 269 1
35 269 1
36 269 1
39 269 1
42 269 1
51 269 1
55 269 1
56 269 1
57 269 1
58 269 1
60 269 1
61 269 1
66 269 1
70 269 1
71 269 1
72 269 1
74 269 1
78 269 1
79 269 1
81 269 1
82 269 1
83 269 1
84 269 1
86 269 1
87 269 1
89 269 1
91 269 1
93 269 1
94 269 1
95 269 1
98 269 1
99 269 1
100 269 1
102 269 1
103 269 1
104 269 1
106 269 1
107 269 1
108 269 1
110 269 1
111 269 1
112 269 1
113 269 1
114 269 1
115 269 1
116 269 1
118 269 1
120 269 1
122 269 1
33 270 1
51 270 1
63 270 1
70 270 1
84 270 1
90 270 1
93 270 1
97 270 1
98 270 1
99 270 1
115 270 1
116 270 1
84 271 1
111 271 1
112 271 1
113 271 1
115 271 1
116 271 1
56 272 1
60 272 1
78 272 1
99 272 1
102 272 1
112 272 1
113 272 1
116 272 1
84 273 1
102 273 1
115 273 1
93 274 1
98 274 1
16 275 1
89 275 1
93 275 1
100 275 1
104 275 1
123 275 1
9 276 1
11 276 1
19 276 1
24 276 1
51 276 1
70 276 1
87 276 1
95 276 1
96 276 1
105 276 1
114 276 1
116 276 1
2 277 1
9 277 1
11 277 1
24 277 1
27 277 1
28 277 1
30 277 1
31 277 1
37 277 1
51 277 1
56 277 1
57 277 1
63 277 1
70 277 1
84 277 1
91 277 1
94 277 1
96 277 1
99 277 1
103 277 1
104 277 1
112 277 1
114 277 1
116 277 1
2 278 1
7 278 1
9 278 1
16 278 1
31 278 1
39 278 1
51 278 1
59 278 1
60 278 1
70 278 1
84 278 1
88 278 1
93 278 1
111 278 1
113 278 1
115 278 1
116 278 1
120 278 1
122 278 1
59 279 1
60 279 1
70 279 1
111 279 1
116 279 1
28 280 1
37 280 1
40 280 1
56 280 1
59 280 1
79 280 1
84 280 1
90 280 1
96 280 1
97 280 1
98 280 1
99 280 1
104 280 1
106 280 1
111 280 1
112 280 1
113 280 1
115 280 1
116 280 1
120 280 1
40 281 1
51 281 1
84 281 1
102 281 1
116 281 1
120 281 1
31 282 1
97 282 1
99 282 1
100 282 1
116 282 1
3 283 1
8 283 1
22 283 1
43 283 1
59 283 1
68 283 1
99 283 1
108 283 1
111 283 1
121 283 1
60 284 1
70 284 1
116 284 1
120 284 1
121 284 1
123 284 1
30 285 1
60 285 1
63 285 1
70 285 1
93 285 1
94 285 1
97 285 1
98 285 1
99 285 1
106 285 1
115 285 1
121 285 1
58 286 1
60 286 1
68 286 1
112 286 1
116 286 1
40 287 1
51 287 1
70 287 1
90 287 1
93 287 1
97 287 1
99 287 1
102 287 1
112 287 1
115 287 1
116 287 1
60 288 1
84 288 1
90 288 1
104 288 1
116 288 1
3 289 1
4 289 1
7 289 1
9 289 1
12 289 1
15 289 1
16 289 1
17 289 1
20 289 1
22 289 1
26 289 1
28 289 1
29 289 1
31 289 1
33 289 1
36 289 1
37 289 1
38 289 1
39 289 1
43 289 1
53 289 1
58 289 1
59 289 1
72 289 1
73 289 1
75 289 1
85 289 1
87 289 1
88 289 1
90 289 1
102 289 1
103 289 1
104 289 1
107 289 1
116 289 1
1 290 1
9 290 1
13 290 1
16 290 1
22 290 1
23 290 1
25 290 1
31 290 1
34 290 1
42 290 1
43 290 1
51 290 1
56 290 1
57 290 1
58 290 1
59 290 1
60 290 1
61 290 1
68 290 1
70 290 1
80 290 1
84 290 1
87 290 1
94 290 1
99 290 1
108 290 1
111 290 1
113 290 1
114 290 1
115 290 1
116 290 1
117 290 1
119 290 1
120 290 1
121 290 1
13 291 1
15 291 1
16 291 1
22 291 1
24 291 1
34 291 1
38 291 1
39 291 1
40 291 1
43 291 1
51 291 1
56 291 1
57 291 1
58 291 1
59 291 1
60 291 1
61 291 1
63 291 1
70 291 1
71 291 1
79 291 1
84 291 1
87 291 1
89 291 1
90 291 1
91 291 1
111 291 1
112 291 1
113 291 1
115 291 1
116 291 1
117 291 1
120 291 1
121 291 1
3 292 1
4 292 1
11 292 1
16 292 1
17 292 1
22 292 1
27 292 1
56 292 1
57 292 1
60 292 1
70 292 1
79 292 1
84 292 1
87 292 1
98 292 1
99 292 1
102 292 1
104 292 1
106 292 1
111 292 1
112 292 1
116 292 1
117 292 1
121 292 1
122 292 1
123 292 1
26 293 1
29 293 1
58 293 1
63 293 1
107 293 1
111 293 1
112 293 1
115 293 1
116 293 1
121 293 1
122 293 1
123 293 1
9 294 1
79 294 1
91 294 1
107 294 1
112 294 1
115 294 1
116 294 1
120 294 1
22 295 1
56 295 1
59 295 1
60 295 1
70 295 1
100 295 1
112 295 1
113 295 1
115 295 1
116 295 1
120 295 1
121 295 1
123 295 1
59 296 1
60 296 1
72 296 1
79 296 1
106 296 1
116 296 1
123 296 1
2 297 1
4 297 1
9 297 1
58 297 1
59 297 1
60 297 1
70 297 1
94 297 1
104 297 1
111 297 1
116 297 1
94 298 1
98 298 1
99 298 1
111 298 1
118 298 1
122 298 1
123 298 1
5 299 1
24 299 1
25 299 1
33 299 1
85 299 1
87 299 1
103 299 1
111 299 1
2 300 1
3 300 1
5 300 1
6 300 1
7 300 1
11 300 1
12 300 1
14 300 1
15 300 1
16 300 1
22 300 1
26 300 1
28 300 1
29 300 1
31 300 1
37 300 1
76 300 1
85 300 1
86 300 1
90 300 1
107 300 1
109 300 1
115 300 1
116 300 1
124 300 1
2 301 1
3 301 1
5 301 1
7 301 1
9 301 1
11 301 1
13 301 1
15 301 1
16 301 1
21 301 1
22 301 1
24 301 1
25 301 1
26 301 1
29 301 1
36 301 1
38 301 1
42 301 1
43 301 1
47 301 1
51 301 1
53 301 1
56 301 1
57 301 1
58 301 1
59 301 1
60 301 1
63 301 1
70 301 1
76 301 1
79 301 1
84 301 1
85 301 1
86 301 1
87 301 1
88 301 1
91 301 1
93 301 1
94 301 1
96 301 1
97 301 1
98 301 1
100 301 1
102 301 1
103 301 1
104 301 1
106 301 1
111 301 1
112 301 1
113 301 1
114 301 1
115 301 1
116 301 1
117 301 1
120 301 1
124 301 1
1 303 1
1 304 1
2 305 1
8 305 1
16 305 1
31 305 1
71 305 1
5 306 1
6 306 1
7 306 1
8 306 1
9 306 1
11 306 1
12 306 1
13 306 1
14 306 1
17 306 1
18 306 1
19 306 1
20 306 1
21 306 1
48 306 1
14 307 1
21 307 1
22 307 1
39 307 1
40 307 1
2 308 1
3 308 1
5 308 1
7 308 1
8 308 1
11 308 1
12 308 1
16 308 1
21 308 1
25 308 1
26 308 1
29 308 1
32 308 1
34 308 1
36 308 1
46 308 1
47 308 1
48 308 1
2 309 1
6 309 1
7 309 1
8 309 1
14 309 1
16 309 1
19 309 1
36 309 1
38 309 1
42 309 1
43 309 1
44 309 1
48 309 1
2 310 1
21 310 1
2 311 1
3 311 1
4 311 1
5 311 1
6 311 1
7 311 1
8 311 1
10 311 1
11 311 1
12 311 1
15 311 1
16 311 1
17 311 1
18 311 1
19 311 1
20 311 1
21 311 1
48 311 1
2 312 1
3 312 1
5 312 1
6 312 1
10 312 1
11 312 1
12 312 1
15 312 1
16 312 1
19 312 1
20 312 1
21 312 1
28 312 1
48 312 1
49 312 1
50 312 1
2 313 1
5 313 1
6 313 1
7 313 1
10 313 1
11 313 1
14 313 1
19 313 1
21 313 1
48 313 1
2 314 1
4 314 1
7 314 1
8 314 1
14 314 1
2 315 1
5 315 1
6 315 1
7 315 1
8 315 1
10 315 1
11 315 1
12 315 1
14 315 1
16 315 1
19 315 1
20 315 1
21 315 1
48 315 1
53 317 1
55 317 1
23 319 1
56 320 1
56 321 1
57 321 1
21 322 1
43 322 1
59 322 1
60 322 1
111 322 1
9 323 1
21 323 1
43 323 1
111 323 1
43 324 1
60 324 1
63 324 1
64 324 1
65 324 1
66 324 1
67 324 1
68 324 1
69 324 1
43 325 1
60 325 1
64 325 1
68 325 1
69 325 1
15 326 1
60 326 1
63 326 1
64 326 1
65 326 1
67 326 1
68 326 1
69 326 1
70 326 1
63 327 1
64 327 1
65 327 1
66 327 1
67 327 1
68 327 1
69 327 1
60 328 1
64 328 1
65 328 1
66 328 1
67 328 1
68 328 1
69 328 1
43 329 1
60 329 1
64 329 1
67 329 1
68 329 1
69 329 1
15 330 1
43 330 1
60 330 1
63 330 1
64 330 1
65 330 1
66 330 1
67 330 1
68 330 1
69 330 1
15 331 1
60 331 1
63 331 1
64 331 1
65 331 1
66 331 1
67 331 1
68 331 1
69 331 1
43 332 1
63 332 1
64 332 1
65 332 1
66 332 1
67 332 1
68 332 1
69 332 1
43 333 1
60 333 1
64 333 1
65 333 1
66 333 1
67 333 1
68 333 1
69 333 1
6 335 1
46 335 1
78 336 1
80 336 1
83 336 1
84 337 1
7 338 1
10 338 1
31 338 1
46 338 1
5 342 1
17 342 1
21 342 1
45 342 1
87 342 1
52 343 1
88 343 1
26 344 1
91 346 1
91 347 1
92 347 1
3 348 1
94 350 1
94 353 1
96 353 1
95 354 1
94 355 1
94 356 1
3 357 1
8 357 1
15 357 1
31 357 1
47 357 1
71 357 1
72 357 1
97 358 1
98 358 1
99 358 1
100 358 1
102 360 1
102 361 1
103 362 1
104 362 1
105 362 1
106 363 1
105 365 1
104 367 1
18 368 1
103 368 1
104 368 1
105 368 1
15 369 1
43 369 1
60 369 1
63 369 1
64 369 1
65 369 1
67 369 1
68 369 1
69 369 1
7 370 1
7 371 1
71 371 1
98 375 1
98 376 1
98 377 1
108 378 1
109 379 1
110 379 1
78 380 1
80 380 1
82 380 1
111 380 1
111 381 1
111 382 1
94 383 1
96 383 1
112 384 1
45 389 1
21 390 1
45 390 1
55 391 1
43 392 1
60 392 1
63 392 1
64 392 1
65 392 1
66 392 1
67 392 1
68 392 1
69 392 1
113 394 1
115 394 1
21 395 1
21 396 1
45 396 1
117 397 1
120 399 1
121 401 1
122 401 1
121 402 1
105 405 1
125 302 1
128 302 1
129 302 1
132 302 1
154 302 1
156 302 1
173 302 1
174 302 1
177 302 1
200 302 1
221 302 1
222 302 1
231 302 1
232 302 1
234 302 1
241 302 1
276 302 1
277 302 1
280 302 1
126 303 1
132 303 1
126 304 1
135 305 1
141 305 1
139 306 1
149 306 1
274 306 1
128 307 1
134 307 1
138 307 1
153 307 1
280 307 1
146 308 1
148 308 1
222 308 1
136 309 1
202 309 1
133 310 1
139 310 1
143 310 1
214 310 1
134 311 1
198 311 1
234 311 1
139 312 1
140 312 1
140 314 1
142 315 1
153 316 1
154 316 1
156 316 1
223 316 1
158 317 1
200 317 1
132 318 1
135 318 1
146 318 1
157 318 1
159 318 1
161 318 1
162 318 1
165 318 1
166 318 1
167 318 1
168 318 1
169 318 1
170 318 1
171 318 1
172 318 1
178 318 1
238 318 1
277 318 1
126 319 1
158 319 1
183 319 1
202 319 1
238 319 1
248 319 1
134 320 1
222 320 1
256 320 1
154 321 1
173 321 1
248 321 1
130 324 1
180 324 1
215 324 1
216 325 1
137 326 1
278 326 1
216 327 1
178 329 1
182 329 1
279 329 1
178 330 1
212 331 1
278 331 1
150 332 1
186 334 1
212 334 1
216 334 1
193 335 1
212 335 1
222 336 1
248 336 1
253 336 1
263 336 1
130 337 1
147 337 1
216 337 1
146 338 1
166 338 1
171 338 1
203 338 1
137 339 1
143 339 1
147 339 1
150 339 1
172 339 1
187 339 1
188 339 1
190 339 1
192 339 1
210 339 1
212 339 1
278 339 1
127 340 1
129 340 1
149 340 1
163 340 1
170 340 1
178 340 1
199 340 1
201 340 1
202 340 1
219 340 1
222 340 1
223 340 1
231 340 1
248 340 1
249 340 1
254 340 1
260 340 1
280 340 1
287 340 1
180 341 1
200 341 1
280 341 1
160 342 1
182 343 1
206 343 1
216 343 1
137 344 1
275 344 1
126 345 1
127 345 1
152 345 1
173 345 1
177 345 1
178 345 1
192 345 1
204 345 1
205 345 1
223 345 1
248 345 1
259 345 1
150 346 1
152 346 1
210 346 1
241 346 1
265 346 1
278 346 1
284 346 1
132 347 1
184 347 1
190 347 1
193 347 1
211 347 1
216 347 1
265 347 1
278 347 1
299 347 1
188 348 1
207 348 1
212 348 1
216 348 1
131 349 1
156 349 1
186 349 1
195 349 1
211 349 1
225 349 1
291 349 1
162 350 1
216 350 1
168 351 1
170 351 1
173 351 1
200 351 1
205 351 1
219 351 1
226 351 1
231 351 1
234 351 1
248 351 1
252 351 1
268 351 1
270 351 1
170 352 1
173 352 1
205 352 1
220 352 1
223 352 1
226 352 1
227 352 1
229 352 1
231 352 1
248 352 1
254 352 1
260 352 1
280 352 1
200 353 1
221 353 1
232 353 1
156 354 1
200 354 1
205 355 1
151 356 1
212 357 1
213 357 1
275 358 1
289 358 1
154 359 1
188 359 1
226 359 1
257 359 1
258 359 1
232 360 1
291 360 1
222 361 1
233 361 1
265 361 1
137 362 1
138 362 1
223 362 1
216 363 1
127 364 1
133 364 1
163 364 1
164 364 1
178 364 1
189 364 1
199 364 1
202 364 1
223 364 1
231 364 1
238 364 1
240 364 1
241 364 1
242 364 1
248 364 1
270 364 1
274 364 1
281 364 1
290 364 1
130 365 1
138 365 1
163 365 1
195 365 1
213 365 1
216 365 1
241 365 1
243 365 1
244 365 1
137 366 1
245 366 1
138 367 1
223 368 1
160 370 1
185 370 1
221 370 1
246 370 1
247 370 1
135 371 1
184 371 1
129 372 1
134 372 1
158 372 1
189 372 1
223 372 1
257 372 1
258 372 1
273 372 1
279 372 1
287 372 1
134 373 1
146 373 1
205 373 1
223 373 1
226 373 1
231 373 1
251 373 1
254 373 1
256 373 1
260 373 1
158 374 1
146 375 1
166 375 1
216 375 1
219 375 1
275 375 1
162 376 1
205 376 1
240 376 1
255 376 1
259 376 1
222 377 1
252 377 1
253 377 1
261 378 1
142 379 1
143 379 1
203 379 1
209 379 1
212 379 1
222 379 1
224 379 1
231 379 1
254 379 1
256 379 1
270 379 1
146 380 1
226 380 1
234 380 1
216 381 1
134 382 1
134 383 1
280 383 1
152 384 1
268 384 1
270 384 1
126 385 1
127 385 1
140 385 1
152 385 1
195 385 1
216 385 1
231 385 1
241 385 1
259 385 1
268 385 1
269 385 1
271 385 1
274 385 1
275 385 1
276 385 1
277 385 1
285 385 1
287 385 1
289 385 1
126 386 1
127 386 1
132 386 1
134 386 1
143 386 1
147 386 1
156 386 1
162 386 1
163 386 1
177 386 1
199 386 1
200 386 1
201 386 1
202 386 1
203 386 1
210 386 1
221 386 1
243 386 1
248 386 1
249 386 1
256 386 1
259 386 1
260 386 1
269 386 1
270 386 1
274 386 1
275 386 1
276 386 1
292 386 1
174 387 1
222 387 1
232 388 1
126 389 1
127 389 1
146 389 1
154 389 1
156 389 1
158 389 1
159 389 1
160 389 1
166 389 1
171 389 1
173 389 1
189 389 1
199 389 1
200 389 1
202 389 1
205 389 1
222 389 1
231 389 1
238 389 1
241 389 1
250 389 1
252 389 1
264 389 1
273 389 1
274 389 1
275 389 1
289 389 1
137 390 1
166 391 1
170 391 1
218 391 1
216 392 1
278 392 1
134 393 1
143 393 1
205 393 1
216 393 1
254 393 1
280 393 1
281 393 1
282 393 1
284 393 1
210 394 1
188 395 1
150 396 1
126 397 1
158 397 1
264 397 1
132 398 1
135 398 1
153 398 1
155 398 1
178 398 1
187 398 1
197 398 1
204 398 1
216 398 1
223 398 1
231 398 1
247 398 1
252 398 1
255 398 1
262 398 1
280 398 1
290 398 1
280 399 1
134 400 1
143 400 1
147 400 1
150 400 1
152 400 1
164 400 1
167 400 1
173 400 1
177 400 1
199 400 1
203 400 1
205 400 1
210 400 1
216 400 1
221 400 1
223 400 1
228 400 1
231 400 1
238 400 1
241 400 1
254 400 1
261 400 1
262 400 1
268 400 1
269 400 1
270 400 1
280 400 1
281 400 1
282 400 1
286 400 1
290 400 1
292 400 1
293 400 1
295 400 1
297 400 1
203 401 1
205 401 1
294 401 1
295 401 1
143 402 1
203 402 1
254 402 1
222 403 1
298 403 1
126 404 1
131 404 1
132 404 1
135 404 1
138 404 1
139 404 1
141 404 1
146 404 1
147 404 1
158 404 1
161 404 1
164 404 1
165 404 1
166 404 1
175 404 1
180 404 1
186 404 1
187 404 1
189 404 1
190 404 1
199 404 1
201 404 1
215 404 1
216 404 1
222 404 1
228 404 1
229 404 1
249 404 1
256 404 1
269 404 1
277 404 1
300 404 1
301 404 1
126 405 1
157 405 1
202 405 1
222 405 1
234 405 1
250 405 1
263 405 1
274 405 1
275 405 1
