74 58 0.154
59 58 0.703
1 58 0.517
117 58 0.161
39 58 0.449
21 58 0.33
25 58 0.23
70 58 0.46
115 58 0.244
55 58 0.426
86 58 0.512
67 58 0.822
116 58 0.162
43 58 0.695
10 58 0.838
84 58 0.343
114 58 0.562
4 58 0.307
89 58 0.287
57 58 0.33
103 58 0.355
111 58 0.4
13 58 0.69
97 58 0.195
63 58 0.71
27 58 0.394
121 58 0.15
9 58 0.862
29 58 0.723
22 58 0.345
3 58 0.446
42 58 0.257
56 58 0.209
26 58 0.698
94 58 0.704
51 58 0.566
96 58 0.529
60 58 0.874
108 58 0.945
34 58 0.945
30 58 0.624
104 58 0.398
106 58 0.175
24 58 0.879
72 58 0.155
71 58 0.519
118 58 0.292
95 58 0.432
20 58 0.636
102 58 0.22
7 58 0.235
107 58 0.416
66 58 0.194
5 58 0.34
40 58 0.188
53 58 0.54
2 58 0.645
46 58 0.272
105 58 0.393
85 58 0.209
37 58 0.236
28 58 0.236
14 58 0.209
119 58 0.31
52 58 0.292
109 58 0.577
19 58 0.156
90 58 0.394
62 58 0.728
61 58 0.958
12 58 0.431
18 58 0.473
17 58 0.849
74 84 0.3
59 84 0.281
120 84 0.449
100 84 0.355
98 84 0.358
79 84 0.2
1 84 0.598
99 84 0.314
88 84 0.296
117 84 0.769
39 84 0.501
21 84 0.271
25 84 0.532
93 84 0.31
70 84 0.339
115 84 0.152
55 84 0.513
86 84 0.461
67 84 0.154
45 84 0.232
116 84 0.557
124 84 0.152
10 84 0.298
58 84 0.343
114 84 0.964
4 84 0.218
89 84 0.761
57 84 0.762
123 84 0.275
103 84 0.194
111 84 0.276
13 84 0.505
97 84 0.521
63 84 0.354
121 84 0.228
9 84 0.17
29 84 0.34
22 84 0.714
3 84 0.3
42 84 0.439
81 84 0.286
56 84 0.838
26 84 0.664
94 84 0.384
51 84 0.967
96 84 0.574
60 84 0.23
108 84 0.217
34 84 0.217
30 84 0.773
104 84 0.274
106 84 0.316
122 84 0.319
24 84 0.614
71 84 0.399
118 84 0.319
95 84 0.547
20 84 0.801
102 84 0.955
5 84 0.23
40 84 0.329
53 84 0.218
2 84 0.272
46 84 0.26
77 84 0.164
105 84 0.166
19 84 0.15
90 84 0.303
110 84 0.224
12 84 0.208
92 84 0.175
87 84 0.464
74 99 0.3
59 99 0.218
100 99 0.709
98 99 0.29
79 99 0.214
117 99 0.156
93 99 0.307
70 99 0.262
115 99 0.841
67 99 0.154
116 99 0.793
82 99 0.264
10 99 0.27
84 99 0.314
114 99 0.328
4 99 0.233
89 99 0.194
57 99 0.151
123 99 0.347
103 99 0.295
111 99 0.361
97 99 0.991
63 99 0.178
27 99 0.255
121 99 0.223
9 99 0.308
16 99 0.394
22 99 0.235
3 99 0.327
81 99 0.352
56 99 0.475
26 99 0.491
94 99 0.305
51 99 0.39
60 99 0.211
108 99 0.333
34 99 0.333
30 99 0.259
104 99 0.937
106 99 0.299
122 99 0.403
24 99 0.296
101 99 0.694
71 99 0.429
112 99 0.21
118 99 0.242
95 99 0.262
20 99 0.255
102 99 0.274
7 99 0.295
5 99 0.224
53 99 0.156
105 99 0.26
37 99 0.178
28 99 0.178
19 99 0.152
90 99 0.601
113 99 0.778
31 99 0.421
92 99 0.322
91 99 0.326
74 102 0.172
59 102 0.234
120 102 0.284
100 102 0.551
98 102 0.325
79 102 0.269
1 102 0.3
99 102 0.274
117 102 0.747
39 102 0.334
25 102 0.157
80 102 0.151
93 102 0.237
70 102 0.188
115 102 0.216
55 102 0.299
86 102 0.369
116 102 0.326
124 102 0.257
10 102 0.293
84 102 0.955
58 102 0.22
114 102 0.76
89 102 0.35
57 102 0.512
123 102 0.171
103 102 0.199
111 102 0.28
13 102 0.172
97 102 0.688
27 102 0.291
121 102 0.153
9 102 0.218
29 102 0.208
22 102 0.325
42 102 0.152
81 102 0.238
56 102 0.914
26 102 0.405
94 102 0.925
51 102 0.905
96 102 0.356
60 102 0.213
108 102 0.908
34 102 0.908
30 102 0.973
104 102 0.311
106 102 0.92
122 102 0.316
24 102 0.964
72 102 0.189
101 102 0.175
71 102 0.953
118 102 0.22
95 102 0.962
20 102 0.965
40 102 0.243
53 102 0.494
46 102 0.441
87 102 0.406
35 102 0.218
74 60 0.15
59 60 0.991
120 60 0.291
79 60 0.291
1 60 0.46
99 60 0.211
88 60 0.22
39 60 0.388
21 60 0.207
25 60 0.173
80 60 0.195
70 60 0.973
115 60 0.292
55 60 0.422
86 60 0.269
67 60 0.607
45 60 0.218
116 60 0.408
82 60 0.227
124 60 0.191
43 60 0.984
10 60 0.419
84 60 0.23
58 60 0.874
114 60 0.411
4 60 0.543
89 60 0.212
57 60 0.386
123 60 0.585
103 60 0.41
111 60 0.973
13 60 0.274
97 60 0.435
63 60 0.932
27 60 0.368
121 60 0.17
9 60 0.374
16 60 0.32
29 60 0.445
22 60 0.506
3 60 0.548
42 60 0.207
81 60 0.284
56 60 0.224
26 60 0.585
94 60 0.688
51 60 0.528
96 60 0.646
108 60 0.833
34 60 0.833
30 60 0.364
104 60 0.287
106 60 0.204
24 60 0.357
72 60 0.322
71 60 0.45
118 60 0.16
95 60 0.333
20 60 0.367
102 60 0.213
7 60 0.355
107 60 0.368
66 60 0.208
5 60 0.48
40 60 0.171
53 60 0.827
2 60 0.505
46 60 0.196
77 60 0.154
105 60 0.464
85 60 0.234
37 60 0.298
28 60 0.298
38 60 0.172
14 60 0.188
119 60 0.172
68 60 0.21
52 60 0.151
76 60 0.216
36 60 0.342
15 60 0.313
109 60 0.17
8 60 0.272
19 60 0.294
78 60 0.179
113 60 0.151
62 60 0.595
61 60 0.859
31 60 0.21
54 60 0.292
12 60 0.426
47 60 0.283
64 60 0.688
17 60 0.7
87 60 0.636
69 60 0.553
65 60 0.192
75 60 0.259
41 60 0.274
74 59 0.314
120 59 0.341
79 59 0.273
99 59 0.218
88 59 0.157
39 59 0.461
21 59 0.27
25 59 0.151
80 59 0.151
70 59 0.971
115 59 0.179
86 59 0.241
67 59 0.516
45 59 0.182
116 59 0.357
82 59 0.177
124 59 0.172
43 59 0.98
10 59 0.346
84 59 0.281
58 59 0.703
114 59 0.65
4 59 0.736
89 59 0.183
57 59 0.271
123 59 0.474
103 59 0.731
111 59 0.991
13 59 0.38
97 59 0.258
63 59 0.91
27 59 0.377
121 59 0.216
9 59 0.604
16 59 0.7
29 59 0.544
22 59 0.388
3 59 0.525
42 59 0.155
81 59 0.298
56 59 0.273
26 59 0.514
94 59 0.674
51 59 0.433
96 59 0.526
60 59 0.991
108 59 0.388
34 59 0.388
30 59 0.481
104 59 0.348
106 59 0.258
24 59 0.153
72 59 0.427
101 59 0.272
71 59 0.631
95 59 0.372
20 59 0.312
102 59 0.234
7 59 0.65
107 59 0.386
66 59 0.352
5 59 0.741
40 59 0.156
53 59 0.592
2 59 0.687
46 59 0.274
77 59 0.176
105 59 0.416
85 59 0.492
37 59 0.529
28 59 0.529
38 59 0.493
14 59 0.359
68 59 0.219
76 59 0.33
36 59 0.668
15 59 0.723
8 59 0.655
19 59 0.26
62 59 0.153
61 59 0.3
31 59 0.378
110 59 0.257
54 59 0.153
12 59 0.546
47 59 0.554
64 59 0.741
17 59 0.242
92 59 0.287
73 59 0.298
91 59 0.349
69 59 0.344
65 59 0.155
75 59 0.38
6 59 0.274
41 59 0.234
48 59 0.369
49 59 0.351
74 57 0.157
59 57 0.271
120 57 0.218
79 57 0.329
1 57 0.934
99 57 0.151
88 57 0.921
117 57 0.15
39 57 0.386
25 57 0.458
80 57 0.311
93 57 0.232
70 57 0.394
115 57 0.227
55 57 0.901
86 57 0.229
67 57 0.386
116 57 0.566
10 57 0.214
84 57 0.762
58 57 0.33
114 57 0.432
89 57 0.299
123 57 0.308
103 57 0.156
111 57 0.216
13 57 0.3
97 57 0.375
63 57 0.479
9 57 0.157
29 57 0.506
22 57 0.396
3 57 0.23
81 57 0.388
56 57 0.157
26 57 0.388
94 57 0.287
51 57 0.574
96 57 0.512
60 57 0.386
108 57 0.453
34 57 0.453
30 57 0.568
104 57 0.255
122 57 0.268
24 57 0.538
72 57 0.191
71 57 0.553
118 57 0.412
95 57 0.39
20 57 0.342
102 57 0.512
53 57 0.769
2 57 0.153
119 57 0.182
109 57 0.215
83 57 0.155
23 57 0.529
61 57 0.413
32 57 0.57
31 57 0.154
54 57 0.398
18 57 0.21
87 57 0.176
35 57 0.188
74 90 0.409
100 90 0.174
98 90 0.194
1 90 0.293
99 90 0.601
88 90 0.32
25 90 0.216
115 90 0.981
55 90 0.518
67 90 0.15
116 90 0.842
84 90 0.303
58 90 0.394
123 90 0.273
13 90 0.151
97 90 0.336
63 90 0.171
121 90 0.198
22 90 0.173
3 90 0.272
56 90 0.213
26 90 0.896
51 90 0.21
96 90 0.239
108 90 0.617
34 90 0.617
122 90 0.222
24 90 0.156
112 90 0.466
95 90 0.33
107 90 0.255
53 90 0.566
77 90 0.166
113 90 0.908
74 71 0.447
59 71 0.631
100 71 0.156
98 71 0.211
79 71 0.256
1 71 0.298
99 71 0.429
88 71 0.272
39 71 0.231
21 71 0.42
25 71 0.713
93 71 0.261
70 71 0.274
115 71 0.318
55 71 0.591
86 71 0.864
67 71 0.457
116 71 0.238
124 71 0.188
43 71 0.459
10 71 0.722
84 71 0.399
58 71 0.519
114 71 0.23
4 71 0.969
89 71 0.25
57 71 0.553
123 71 0.498
103 71 0.875
111 71 0.648
13 71 0.417
97 71 0.851
63 71 0.736
27 71 0.999
121 71 0.291
9 71 0.993
16 71 0.963
29 71 0.745
22 71 0.93
3 71 0.797
42 71 0.271
81 71 0.235
56 71 0.151
26 71 0.447
94 71 0.979
51 71 0.379
96 71 0.499
60 71 0.45
108 71 0.943
34 71 0.943
30 71 0.999
104 71 0.973
106 71 0.99
122 71 0.598
24 71 0.996
72 71 0.999
101 71 0.372
118 71 0.965
95 71 0.986
20 71 0.997
102 71 0.953
7 71 0.746
107 71 0.646
66 71 0.652
5 71 0.742
40 71 0.269
53 71 0.535
2 71 0.522
46 71 0.437
77 71 0.918
105 71 0.414
85 71 0.633
37 71 0.836
28 71 0.836
38 71 0.41
14 71 0.26
76 71 0.807
36 71 0.909
15 71 0.87
109 71 0.281
8 71 0.761
23 71 0.328
61 71 0.237
32 71 0.177
31 71 0.924
110 71 0.395
54 71 0.284
12 71 0.854
47 71 0.683
18 71 0.196
92 71 0.909
73 71 0.773
91 71 0.655
65 71 0.156
75 71 0.825
6 71 0.329
35 71 0.461
48 71 0.185
49 71 0.405
74 96 0.48
59 96 0.526
120 96 0.199
98 96 0.269
79 96 0.208
1 96 0.415
88 96 0.152
39 96 0.401
21 96 0.151
25 96 0.355
70 96 0.623
55 96 0.522
86 96 0.371
67 96 0.53
116 96 0.314
124 96 0.151
84 96 0.574
58 96 0.529
114 96 0.31
4 96 0.272
89 96 0.35
57 96 0.512
123 96 0.167
103 96 0.23
111 96 0.36
13 96 0.341
97 96 0.225
63 96 0.451
27 96 0.347
9 96 0.347
16 96 0.615
29 96 0.327
22 96 0.634
3 96 0.273
42 96 0.343
81 96 0.231
26 96 0.597
94 96 0.978
51 96 0.449
60 96 0.646
108 96 0.524
34 96 0.524
30 96 0.684
104 96 0.393
106 96 0.366
24 96 0.685
72 96 0.208
71 96 0.499
118 96 0.284
95 96 0.957
20 96 0.566
102 96 0.356
7 96 0.215
107 96 0.172
5 96 0.727
40 96 0.227
53 96 0.648
2 96 0.274
77 96 0.211
105 96 0.248
37 96 0.157
28 96 0.157
38 96 0.175
15 96 0.15
19 96 0.328
90 96 0.239
62 96 0.207
61 96 0.356
31 96 0.15
110 96 0.195
54 96 0.228
12 96 0.306
47 96 0.174
17 96 0.344
65 96 0.15
75 96 0.155
41 96 0.194
35 96 0.152
74 26 0.837
59 26 0.514
100 26 0.378
98 26 0.347
79 26 0.406
1 26 0.558
99 26 0.491
88 26 0.505
39 26 0.23
21 26 0.271
25 26 0.634
80 26 0.284
93 26 0.156
70 26 0.657
115 26 0.735
55 26 0.729
86 26 0.402
67 26 0.33
45 26 0.21
116 26 0.31
82 26 0.318
124 26 0.388
43 26 0.319
10 26 0.214
84 26 0.664
58 26 0.698
114 26 0.272
4 26 0.351
89 26 0.475
57 26 0.388
123 26 0.173
103 26 0.274
111 26 0.437
13 26 0.341
97 26 0.299
63 26 0.321
27 26 0.236
121 26 0.315
9 26 0.335
16 26 0.171
29 26 0.575
22 26 0.587
3 26 0.566
42 26 0.273
81 26 0.476
56 26 0.409
94 26 0.626
51 26 0.555
96 26 0.597
60 26 0.585
108 26 0.941
34 26 0.941
30 26 0.739
104 26 0.284
106 26 0.212
122 26 0.22
24 26 0.56
72 26 0.151
71 26 0.447
112 26 0.238
118 26 0.35
95 26 0.744
20 26 0.688
102 26 0.405
7 26 0.193
107 26 0.356
5 26 0.422
53 26 0.854
2 26 0.622
46 26 0.387
77 26 0.323
105 26 0.37
85 26 0.325
37 26 0.213
28 26 0.213
38 26 0.151
52 26 0.855
76 26 0.152
36 26 0.175
109 26 0.21
8 26 0.234
19 26 0.36
83 26 0.179
90 26 0.896
78 26 0.209
113 26 0.512
23 26 0.384
62 26 0.597
61 26 0.69
32 26 0.357
31 26 0.157
54 26 0.215
12 26 0.258
47 26 0.193
18 26 0.18
17 26 0.66
87 26 0.509
73 26 0.167
75 26 0.452
41 26 0.258
11 26 0.176
74 111 0.209
59 111 0.991
120 111 0.153
79 111 0.151
99 111 0.361
39 111 0.171
21 111 0.23
93 111 0.182
70 111 0.933
115 111 0.309
86 111 0.316
67 111 0.593
116 111 0.27
43 111 0.957
10 111 0.478
84 111 0.276
58 111 0.4
114 111 0.427
4 111 0.775
57 111 0.216
123 111 0.587
103 111 0.733
13 111 0.219
97 111 0.465
63 111 0.886
27 111 0.495
121 111 0.192
9 111 0.472
16 111 0.753
29 111 0.433
22 111 0.394
3 111 0.52
81 111 0.291
56 111 0.28
26 111 0.437
94 111 0.44
51 111 0.427
96 111 0.36
60 111 0.973
108 111 0.257
34 111 0.257
30 111 0.494
104 111 0.334
106 111 0.435
122 111 0.337
24 111 0.258
72 111 0.509
71 111 0.648
112 111 0.404
118 111 0.29
95 111 0.278
20 111 0.346
102 111 0.28
7 111 0.737
107 111 0.36
66 111 0.452
5 111 0.6
53 111 0.33
2 111 0.727
46 111 0.752
77 111 0.163
105 111 0.271
85 111 0.467
37 111 0.574
28 111 0.574
38 111 0.505
14 111 0.26
76 111 0.457
36 111 0.832
15 111 0.893
8 111 0.806
113 111 0.276
61 111 0.272
31 111 0.55
110 111 0.243
12 111 0.33
47 111 0.473
64 111 0.761
92 111 0.312
73 111 0.33
69 111 0.469
65 111 0.26
75 111 0.324
6 111 0.177
48 111 0.28
49 111 0.33
74 45 0.446
59 45 0.182
70 45 0.205
82 45 0.152
124 45 0.605
84 45 0.232
89 45 0.17
103 45 0.371
97 45 0.15
22 45 0.422
3 45 0.15
26 45 0.21
94 45 0.166
60 45 0.218
108 45 0.388
34 45 0.388
20 45 0.221
7 45 0.282
76 45 0.169
19 45 0.196
73 45 0.415
41 45 0.15
74 20 0.369
59 20 0.312
100 20 0.494
98 20 0.333
79 20 0.371
1 20 0.394
99 20 0.255
88 20 0.176
117 20 0.265
39 20 0.381
21 20 0.395
25 20 0.592
80 20 0.235
93 20 0.219
70 20 0.185
55 20 0.653
86 20 0.685
67 20 0.349
45 20 0.221
82 20 0.24
124 20 0.324
43 20 0.192
10 20 0.577
84 20 0.801
58 20 0.636
114 20 0.365
4 20 0.741
89 20 0.637
57 20 0.342
123 20 0.437
103 20 0.461
111 20 0.346
13 20 0.487
97 20 0.678
63 20 0.531
27 20 0.694
121 20 0.299
9 20 0.736
16 20 0.65
29 20 0.676
22 20 0.575
3 20 0.46
42 20 0.281
81 20 0.473
56 20 0.52
26 20 0.688
94 20 0.973
51 20 0.534
96 20 0.566
60 20 0.367
108 20 0.949
34 20 0.949
30 20 0.997
104 20 0.985
106 20 0.95
122 20 0.495
24 20 0.984
72 20 0.619
71 20 0.997
118 20 0.998
95 20 0.99
102 20 0.965
7 20 0.318
107 20 0.313
66 20 0.525
5 20 0.41
40 20 0.196
53 20 0.287
2 20 0.376
46 20 0.23
77 20 0.298
105 20 0.271
85 20 0.23
37 20 0.284
28 20 0.284
38 20 0.204
14 20 0.154
68 20 0.328
76 20 0.249
36 20 0.432
15 20 0.491
109 20 0.88
8 20 0.369
19 20 0.15
83 20 0.174
78 20 0.176
23 20 0.179
62 20 0.154
61 20 0.414
32 20 0.153
31 20 0.363
110 20 0.833
12 20 0.413
47 20 0.301
18 20 0.388
17 20 0.208
92 20 0.348
73 20 0.201
75 20 0.218
33 20 0.157
49 20 0.44
74 95 0.264
59 95 0.372
120 95 0.226
100 95 0.305
98 95 0.282
79 95 0.209
1 95 0.437
99 95 0.262
25 95 0.488
80 95 0.173
93 95 0.154
70 95 0.341
115 95 0.333
55 95 0.525
86 95 0.445
67 95 0.281
116 95 0.55
82 95 0.27
10 95 0.341
84 95 0.547
58 95 0.432
114 95 0.27
4 95 0.396
89 95 0.698
57 95 0.39
123 95 0.544
103 95 0.272
111 95 0.278
97 95 0.378
63 95 0.406
27 95 0.451
121 95 0.936
9 95 0.638
16 95 0.174
29 95 0.473
22 95 0.264
3 95 0.285
81 95 0.437
56 95 0.153
26 95 0.744
94 95 0.995
51 95 0.566
96 95 0.957
60 95 0.333
108 95 0.925
34 95 0.925
30 95 0.989
104 95 0.504
106 95 0.956
122 95 0.962
24 95 0.967
72 95 0.527
71 95 0.986
112 95 0.991
118 95 0.517
20 95 0.99
102 95 0.962
7 95 0.15
107 95 0.17
66 95 0.219
5 95 0.208
53 95 0.512
2 95 0.288
76 95 0.258
109 95 0.217
83 95 0.153
90 95 0.33
113 95 0.217
23 95 0.326
62 95 0.23
61 95 0.258
31 95 0.206
12 95 0.299
92 95 0.215
91 95 0.176
74 30 0.362
59 30 0.481
100 30 0.218
98 30 0.169
79 30 0.208
1 30 0.461
99 30 0.259
88 30 0.424
39 30 0.236
21 30 0.451
25 30 0.931
93 30 0.209
70 30 0.309
55 30 0.796
86 30 0.796
67 30 0.53
116 30 0.188
124 30 0.216
43 30 0.311
10 30 0.605
84 30 0.773
58 30 0.624
114 30 0.348
4 30 0.765
89 30 0.577
57 30 0.568
123 30 0.401
103 30 0.878
111 30 0.494
13 30 0.451
97 30 0.744
63 30 0.619
27 30 0.953
121 30 0.177
9 30 0.962
16 30 0.62
29 30 0.965
22 30 0.948
3 30 0.561
42 30 0.332
81 30 0.294
56 30 0.257
26 30 0.739
94 30 0.979
51 30 0.483
96 30 0.684
60 30 0.364
108 30 0.933
34 30 0.933
104 30 0.875
106 30 0.987
122 30 0.495
24 30 0.999
72 30 0.99
101 30 0.363
71 30 0.999
118 30 0.96
95 30 0.989
20 30 0.997
102 30 0.973
7 30 0.816
107 30 0.445
66 30 0.33
5 30 0.867
53 30 0.503
2 30 0.695
46 30 0.544
77 30 0.495
105 30 0.257
85 30 0.679
37 30 0.723
28 30 0.723
38 30 0.456
14 30 0.314
52 30 0.337
76 30 0.32
36 30 0.489
15 30 0.457
109 30 0.476
8 30 0.473
23 30 0.706
61 30 0.255
32 30 0.521
31 30 0.593
110 30 0.349
12 30 0.955
47 30 0.554
18 30 0.388
92 30 0.735
73 30 0.369
91 30 0.504
75 30 0.503
6 30 0.526
33 30 0.421
35 30 0.657
48 30 0.23
49 30 0.151
74 3 0.913
59 3 0.525
100 3 0.27
1 3 0.401
99 3 0.327
39 3 0.383
21 3 0.858
25 3 0.388
70 3 0.567
55 3 0.231
86 3 0.3
67 3 0.262
45 3 0.15
124 3 0.177
43 3 0.342
10 3 0.385
84 3 0.3
58 3 0.446
114 3 0.205
4 3 0.969
57 3 0.23
123 3 0.156
103 3 0.601
111 3 0.52
13 3 0.553
97 3 0.268
63 3 0.917
27 3 0.767
9 3 0.489
16 3 0.912
29 3 0.401
22 3 0.324
42 3 0.209
26 3 0.566
94 3 0.564
51 3 0.272
96 3 0.273
60 3 0.548
108 3 0.388
34 3 0.388
30 3 0.561
104 3 0.487
106 3 0.232
122 3 0.153
24 3 0.387
72 3 0.509
71 3 0.797
118 3 0.243
95 3 0.285
20 3 0.46
7 3 0.356
107 3 0.33
66 3 0.155
5 3 0.853
40 3 0.32
53 3 0.208
2 3 0.761
46 3 0.261
77 3 0.54
105 3 0.208
85 3 0.507
37 3 0.343
28 3 0.343
38 3 0.384
14 3 0.388
68 3 0.388
52 3 0.155
76 3 0.273
36 3 0.841
15 3 0.848
109 3 0.151
8 3 0.747
90 3 0.272
61 3 0.298
31 3 0.389
110 3 0.179
12 3 0.739
47 3 0.299
64 3 0.152
17 3 0.195
73 3 0.868
91 3 0.151
69 3 0.744
65 3 0.217
75 3 0.855
6 3 0.31
33 3 0.193
48 3 0.319
49 3 0.48
74 27 0.172
59 27 0.377
99 27 0.255
39 27 0.198
21 27 0.294
25 27 0.457
70 27 0.449
55 27 0.273
86 27 0.639
67 27 0.321
43 27 0.366
10 27 0.703
58 27 0.394
114 27 0.155
4 27 0.937
103 27 0.888
111 27 0.495
13 27 0.38
97 27 0.382
63 27 0.809
9 27 0.993
16 27 0.839
29 27 0.638
22 27 0.15
3 27 0.767
42 27 0.172
26 27 0.236
94 27 0.902
51 27 0.257
96 27 0.347
60 27 0.368
108 27 0.314
34 27 0.314
30 27 0.953
104 27 0.946
106 27 0.405
122 27 0.236
24 27 0.683
72 27 0.869
71 27 0.999
118 27 0.357
95 27 0.451
20 27 0.694
102 27 0.291
7 27 0.801
107 27 0.793
66 27 0.358
5 27 0.821
40 27 0.188
2 27 0.695
77 27 0.177
105 27 0.376
85 27 0.528
37 27 0.631
28 27 0.631
38 27 0.468
14 27 0.465
68 27 0.286
76 27 0.58
36 27 0.674
15 27 0.669
8 27 0.447
31 27 0.657
12 27 0.907
47 27 0.451
92 27 0.857
73 27 0.453
91 27 0.924
69 27 0.208
65 27 0.171
75 27 0.657
6 27 0.475
35 27 0.238
48 27 0.43
74 103 0.22
59 103 0.731
79 103 0.311
99 103 0.295
88 103 0.151
39 103 0.271
21 103 0.237
25 103 0.396
80 103 0.259
70 103 0.274
86 103 0.421
67 103 0.365
45 103 0.371
116 103 0.171
124 103 0.15
43 103 0.652
10 103 0.478
84 103 0.194
58 103 0.355
114 103 0.435
4 103 0.74
89 103 0.172
57 103 0.156
123 103 0.376
111 103 0.733
13 103 0.394
97 103 0.495
63 103 0.644
27 103 0.888
9 103 0.918
16 103 0.761
29 103 0.649
22 103 0.482
3 103 0.601
42 103 0.172
81 103 0.298
56 103 0.284
26 103 0.274
94 103 0.438
51 103 0.343
96 103 0.23
60 103 0.41
108 103 0.81
34 103 0.81
30 103 0.878
104 103 0.6
106 103 0.545
122 103 0.264
24 103 0.441
72 103 0.423
71 103 0.875
118 103 0.282
95 103 0.272
20 103 0.461
102 103 0.199
7 103 0.992
107 103 0.698
66 103 0.415
5 103 0.96
40 103 0.157
53 103 0.27
2 103 0.899
46 103 0.361
77 103 0.204
105 103 0.544
85 103 0.968
37 103 0.955
28 103 0.955
38 103 0.89
14 103 0.697
76 103 0.41
36 103 0.761
15 103 0.883
8 103 0.669
19 103 0.257
23 103 0.175
62 103 0.175
31 103 0.403
110 103 0.218
12 103 0.975
47 103 0.837
64 103 0.181
92 103 0.513
73 103 0.33
91 103 0.32
69 103 0.217
65 103 0.195
75 103 0.411
6 103 0.846
41 103 0.208
35 103 0.176
48 103 0.616
49 103 0.282
74 4 0.779
59 4 0.736
99 4 0.233
39 4 0.154
21 4 0.684
25 4 0.621
70 4 0.36
115 4 0.153
55 4 0.193
86 4 0.692
67 4 0.479
124 4 0.211
43 4 0.509
10 4 0.581
84 4 0.218
58 4 0.307
114 4 0.151
89 4 0.207
103 4 0.74
111 4 0.775
13 4 0.583
97 4 0.334
63 4 0.821
27 4 0.937
9 4 0.858
16 4 0.988
29 4 0.714
22 4 0.298
3 4 0.969
42 4 0.157
81 4 0.154
56 4 0.15
26 4 0.351
94 4 0.45
51 4 0.193
96 4 0.272
60 4 0.543
108 4 0.35
34 4 0.35
30 4 0.765
104 4 0.684
106 4 0.435
122 4 0.278
24 4 0.409
72 4 0.853
71 4 0.969
118 4 0.217
95 4 0.396
20 4 0.741
7 4 0.529
107 4 0.413
66 4 0.59
5 4 0.78
53 4 0.32
2 4 0.749
77 4 0.793
105 4 0.572
85 4 0.644
37 4 0.618
28 4 0.618
38 4 0.672
14 4 0.489
52 4 0.172
76 4 0.648
36 4 0.981
15 4 0.979
109 4 0.154
8 4 0.89
19 4 0.354
62 4 0.28
31 4 0.911
110 4 0.389
12 4 0.813
47 4 0.649
92 4 0.555
73 4 0.936
91 4 0.181
69 4 0.259
65 4 0.272
75 4 0.934
6 4 0.33
41 4 0.272
48 4 0.392
49 4 0.732
50 4 0.201
74 118 0.153
100 118 0.294
98 118 0.194
79 118 0.275
1 118 0.604
99 118 0.242
25 118 0.233
80 118 0.35
93 118 0.151
70 118 0.375
115 118 0.198
55 118 0.683
86 118 0.293
116 118 0.272
82 118 0.351
10 118 0.384
84 118 0.319
58 118 0.292
4 118 0.217
57 118 0.412
123 118 0.923
103 118 0.282
111 118 0.29
97 118 0.469
63 118 0.238
27 118 0.357
121 118 0.421
9 118 0.382
22 118 0.925
3 118 0.243
81 118 0.31
26 118 0.35
94 118 0.334
51 118 0.172
96 118 0.284
60 118 0.16
108 118 0.936
34 118 0.936
30 118 0.96
104 118 0.762
106 118 0.17
122 118 0.936
24 118 0.942
72 118 0.285
101 118 0.15
71 118 0.965
112 118 0.53
95 118 0.517
20 118 0.998
102 118 0.22
7 118 0.191
66 118 0.271
5 118 0.183
2 118 0.15
76 118 0.151
36 118 0.217
109 118 0.466
83 118 0.153
78 118 0.153
113 118 0.22
61 118 0.265
110 118 0.643
54 118 0.233
12 118 0.22
49 118 0.357
74 24 0.259
59 24 0.153
98 24 0.155
79 24 0.17
1 24 0.498
99 24 0.296
88 24 0.23
39 24 0.388
21 24 0.405
25 24 0.795
93 24 0.15
70 24 0.181
55 24 0.65
86 24 0.591
67 24 0.657
116 24 0.269
10 24 0.577
84 24 0.614
58 24 0.879
114 24 0.471
4 24 0.409
89 24 0.298
57 24 0.538
123 24 0.386
103 24 0.441
111 24 0.258
13 24 0.532
97 24 0.582
63 24 0.528
27 24 0.683
121 24 0.173
9 24 0.764
16 24 0.352
29 24 0.884
22 24 0.937
3 24 0.387
42 24 0.359
81 24 0.232
56 24 0.295
26 24 0.56
94 24 0.974
51 24 0.758
96 24 0.685
60 24 0.357
108 24 0.936
34 24 0.936
30 24 0.999
104 24 0.717
106 24 0.958
122 24 0.403
72 24 0.753
101 24 0.244
71 24 0.996
118 24 0.942
95 24 0.967
20 24 0.984
102 24 0.964
7 24 0.517
107 24 0.209
5 24 0.286
40 24 0.172
53 24 0.412
2 24 0.273
46 24 0.478
77 24 0.274
85 24 0.151
37 24 0.209
28 24 0.209
119 24 0.214
36 24 0.152
15 24 0.154
109 24 0.479
90 24 0.156
23 24 0.31
61 24 0.462
32 24 0.326
31 24 0.362
12 24 0.64
47 24 0.174
18 24 0.412
17 24 0.155
92 24 0.348
91 24 0.426
75 24 0.165
33 24 0.447
35 24 0.36
74 108 0.341
59 108 0.388
98 108 0.23
79 108 0.208
1 108 0.725
99 108 0.333
88 108 0.364
39 108 0.394
21 108 0.192
25 108 0.319
70 108 0.582
115 108 0.497
55 108 0.577
86 108 0.155
67 108 0.3
45 108 0.388
116 108 0.266
82 108 0.175
124 108 0.371
43 108 0.511
10 108 0.157
84 108 0.217
58 108 0.945
114 108 0.22
4 108 0.35
89 108 0.476
57 108 0.453
123 108 0.418
103 108 0.81
111 108 0.257
13 108 0.272
97 108 0.197
63 108 0.631
27 108 0.314
9 108 0.449
16 108 0.176
29 108 0.17
22 108 0.723
3 108 0.388
42 108 0.214
81 108 0.215
26 108 0.941
94 108 0.96
51 108 0.453
96 108 0.524
60 108 0.833
30 108 0.933
104 108 0.392
106 108 0.9
122 108 0.233
24 108 0.936
72 108 0.174
71 108 0.943
118 108 0.936
95 108 0.925
20 108 0.949
102 108 0.908
7 108 0.677
107 108 0.391
66 108 0.157
5 108 0.502
40 108 0.196
53 108 0.862
2 108 0.465
77 108 0.172
105 108 0.651
85 108 0.217
37 108 0.235
28 108 0.235
38 108 0.153
14 108 0.176
68 108 0.428
52 108 0.456
76 108 0.216
36 108 0.215
15 108 0.152
8 108 0.15
19 108 0.725
90 108 0.617
113 108 0.349
23 108 0.344
62 108 0.924
61 108 0.975
32 108 0.211
44 108 0.178
110 108 0.177
54 108 0.296
12 108 0.299
18 108 0.226
17 108 0.962
75 108 0.4
33 108 0.211
41 108 0.681
49 108 0.292
74 34 0.341
59 34 0.388
98 34 0.23
79 34 0.208
1 34 0.725
99 34 0.333
88 34 0.364
39 34 0.394
21 34 0.192
25 34 0.319
70 34 0.582
115 34 0.497
55 34 0.577
86 34 0.155
67 34 0.3
45 34 0.388
116 34 0.266
82 34 0.175
124 34 0.371
43 34 0.511
10 34 0.157
84 34 0.217
58 34 0.945
114 34 0.22
4 34 0.35
89 34 0.476
57 34 0.453
123 34 0.418
103 34 0.81
111 34 0.257
13 34 0.272
97 34 0.197
63 34 0.631
27 34 0.314
9 34 0.449
16 34 0.176
29 34 0.17
22 34 0.723
3 34 0.388
42 34 0.214
81 34 0.215
26 34 0.941
94 34 0.96
51 34 0.453
96 34 0.524
60 34 0.833
30 34 0.933
104 34 0.392
106 34 0.9
122 34 0.233
24 34 0.936
72 34 0.174
71 34 0.943
118 34 0.936
95 34 0.925
20 34 0.949
102 34 0.908
7 34 0.677
107 34 0.391
66 34 0.157
5 34 0.502
40 34 0.196
53 34 0.862
2 34 0.465
77 34 0.172
105 34 0.651
85 34 0.217
37 34 0.235
28 34 0.235
38 34 0.153
14 34 0.176
68 34 0.428
52 34 0.456
76 34 0.216
36 34 0.215
15 34 0.152
8 34 0.15
19 34 0.725
90 34 0.617
113 34 0.349
23 34 0.344
62 34 0.924
61 34 0.975
32 34 0.211
44 34 0.178
110 34 0.177
54 34 0.296
12 34 0.299
18 34 0.226
17 34 0.962
75 34 0.4
33 34 0.211
41 34 0.681
49 34 0.292
74 47 0.195
59 47 0.554
21 47 0.17
25 47 0.396
70 47 0.265
86 47 0.365
67 47 0.647
43 47 0.351
114 47 0.263
4 47 0.649
103 47 0.837
111 47 0.473
13 47 0.356
97 47 0.211
63 47 0.9
27 47 0.451
9 47 0.487
16 47 0.576
29 47 0.615
22 47 0.156
3 47 0.299
26 47 0.193
94 47 0.394
96 47 0.174
60 47 0.283
30 47 0.554
104 47 0.376
106 47 0.23
24 47 0.174
72 47 0.394
71 47 0.683
20 47 0.301
7 47 0.71
107 47 0.298
66 47 0.218
5 47 0.808
2 47 0.598
46 47 0.541
77 47 0.188
105 47 0.368
85 47 0.654
37 47 0.662
28 47 0.662
38 47 0.789
14 47 0.385
68 47 0.296
76 47 0.426
36 47 0.637
15 47 0.51
8 47 0.468
19 47 0.172
31 47 0.353
12 47 0.594
64 47 0.172
92 47 0.283
73 47 0.209
69 47 0.323
65 47 0.594
75 47 0.344
6 47 0.344
48 47 0.268
74 94 0.385
59 94 0.674
100 94 0.32
98 94 0.367
79 94 0.172
1 94 0.32
99 94 0.305
88 94 0.15
117 94 0.151
39 94 0.31
21 94 0.23
25 94 0.274
93 94 0.15
70 94 0.523
115 94 0.152
55 94 0.45
86 94 0.427
67 94 0.756
45 94 0.166
116 94 0.296
82 94 0.17
124 94 0.262
43 94 0.321
10 94 0.424
84 94 0.384
58 94 0.704
114 94 0.669
4 94 0.45
89 94 0.32
57 94 0.287
123 94 0.475
103 94 0.438
111 94 0.44
13 94 0.343
97 94 0.554
63 94 0.821
27 94 0.902
121 94 0.23
9 94 0.834
16 94 0.513
29 94 0.436
22 94 0.394
3 94 0.564
42 94 0.29
81 94 0.298
56 94 0.155
26 94 0.626
51 94 0.695
96 94 0.978
60 94 0.688
108 94 0.96
34 94 0.96
30 94 0.979
104 94 0.939
106 94 0.976
122 94 0.239
24 94 0.974
72 94 0.528
101 94 0.219
71 94 0.979
112 94 0.24
118 94 0.334
95 94 0.995
20 94 0.973
102 94 0.925
7 94 0.299
107 94 0.4
66 94 0.23
5 94 0.615
40 94 0.16
53 94 0.485
2 94 0.385
46 94 0.577
77 94 0.209
105 94 0.754
85 94 0.346
37 94 0.297
28 94 0.297
38 94 0.273
14 94 0.195
68 94 0.154
76 94 0.38
36 94 0.273
15 94 0.258
109 94 0.293
8 94 0.214
19 94 0.153
61 94 0.513
31 94 0.306
110 94 0.287
12 94 0.379
47 94 0.394
92 94 0.375
91 94 0.517
69 94 0.413
65 94 0.195
75 94 0.234
35 94 0.173
74 12 0.284
59 12 0.546
21 12 0.395
25 12 0.702
70 12 0.21
55 12 0.353
86 12 0.325
67 12 0.301
124 12 0.151
43 12 0.442
10 12 0.299
84 12 0.208
58 12 0.431
114 12 0.153
4 12 0.813
103 12 0.975
111 12 0.33
13 12 0.341
97 12 0.216
63 12 0.556
27 12 0.907
9 12 0.955
16 12 0.559
29 12 0.795
22 12 0.23
3 12 0.739
42 12 0.196
26 12 0.258
94 12 0.379
96 12 0.306
60 12 0.426
108 12 0.299
34 12 0.299
30 12 0.955
104 12 0.363
106 12 0.356
24 12 0.64
72 12 0.53
71 12 0.854
118 12 0.22
95 12 0.299
20 12 0.413
7 12 0.942
107 12 0.627
66 12 0.231
5 12 0.998
53 12 0.318
2 12 0.953
77 12 0.4
105 12 0.329
85 12 0.982
37 12 0.848
28 12 0.848
38 12 0.824
14 12 0.887
76 12 0.597
36 12 0.57
15 12 0.478
8 12 0.326
19 12 0.151
62 12 0.21
61 12 0.9
31 12 0.641
110 12 0.315
47 12 0.594
92 12 0.525
73 12 0.323
91 12 0.384
65 12 0.172
75 12 0.544
6 12 0.903
41 12 0.152
48 12 0.794
74 1 0.284
100 1 0.292
98 1 0.191
88 1 0.832
25 1 0.443
70 1 0.29
115 1 0.238
55 1 0.961
43 1 0.454
10 1 0.15
84 1 0.598
58 1 0.517
114 1 0.31
89 1 0.343
57 1 0.934
29 1 0.354
22 1 0.438
3 1 0.401
26 1 0.558
94 1 0.32
51 1 0.216
96 1 0.415
60 1 0.46
108 1 0.725
34 1 0.725
30 1 0.461
104 1 0.256
122 1 0.209
24 1 0.498
71 1 0.298
118 1 0.604
95 1 0.437
20 1 0.394
102 1 0.3
5 1 0.15
53 1 0.21
52 1 0.293
90 1 0.293
62 1 0.391
61 1 0.443
32 1 0.22
17 1 0.391
75 1 0.154
74 63 0.452
59 63 0.91
99 63 0.178
39 63 0.47
21 63 0.526
25 63 0.273
70 63 0.943
115 63 0.244
86 63 0.64
67 63 0.936
116 63 0.175
124 63 0.188
43 63 0.587
10 63 0.868
84 63 0.354
58 63 0.71
114 63 0.477
4 63 0.821
89 63 0.165
57 63 0.479
123 63 0.171
103 63 0.644
111 63 0.886
13 63 0.661
97 63 0.309
27 63 0.809
9 63 0.714
16 63 0.586
29 63 0.692
22 63 0.476
3 63 0.917
42 63 0.23
81 63 0.169
56 63 0.153
26 63 0.321
94 63 0.821
51 63 0.386
96 63 0.451
60 63 0.932
108 63 0.631
34 63 0.631
30 63 0.619
104 63 0.532
106 63 0.506
122 63 0.245
24 63 0.528
72 63 0.298
71 63 0.736
118 63 0.238
95 63 0.406
20 63 0.531
7 63 0.467
107 63 0.679
66 63 0.332
5 63 0.791
40 63 0.189
53 63 0.388
2 63 0.708
46 63 0.169
77 63 0.409
105 63 0.395
85 63 0.466
37 63 0.566
28 63 0.566
38 63 0.552
14 63 0.388
119 63 0.15
68 63 0.615
76 63 0.238
36 63 0.403
15 63 0.571
109 63 0.358
8 63 0.358
19 63 0.209
90 63 0.171
61 63 0.261
31 63 0.249
110 63 0.151
54 63 0.208
12 63 0.556
47 63 0.9
64 63 0.744
18 63 0.671
17 63 0.207
92 63 0.157
73 63 0.3
69 63 0.909
65 63 0.924
75 63 0.361
6 63 0.292
41 63 0.171
48 63 0.218
49 63 0.478
74 100 0.176
98 100 0.931
1 100 0.292
99 100 0.709
115 100 0.274
55 100 0.206
84 100 0.355
89 100 0.23
123 100 0.341
97 100 0.948
3 100 0.27
81 100 0.416
56 100 0.304
26 100 0.378
94 100 0.32
51 100 0.173
30 100 0.218
106 100 0.171
122 100 0.177
101 100 0.641
71 100 0.156
118 100 0.294
95 100 0.305
20 100 0.494
102 100 0.551
90 100 0.174
113 100 0.322
74 2 0.401
59 2 0.687
98 2 0.19
79 2 0.178
117 2 0.155
39 2 0.2
21 2 0.467
25 2 0.397
80 2 0.151
70 2 0.463
115 2 0.217
86 2 0.375
67 2 0.31
116 2 0.151
124 2 0.299
43 2 0.58
10 2 0.45
84 2 0.272
58 2 0.645
114 2 0.533
4 2 0.749
89 2 0.157
57 2 0.153
123 2 0.15
103 2 0.899
111 2 0.727
13 2 0.457
97 2 0.252
63 2 0.708
27 2 0.695
9 2 0.552
16 2 0.611
29 2 0.576
22 2 0.297
3 2 0.761
42 2 0.217
81 2 0.157
56 2 0.218
26 2 0.622
94 2 0.385
51 2 0.518
96 2 0.274
60 2 0.505
108 2 0.465
34 2 0.465
30 2 0.695
104 2 0.316
106 2 0.387
24 2 0.273
72 2 0.29
71 2 0.522
118 2 0.15
95 2 0.288
20 2 0.376
7 2 0.809
107 2 0.52
66 2 0.371
5 2 0.945
53 2 0.343
46 2 0.574
77 2 0.27
105 2 0.594
85 2 0.931
37 2 0.867
28 2 0.867
38 2 0.796
14 2 0.889
68 2 0.173
76 2 0.329
36 2 0.616
15 2 0.602
109 2 0.296
8 2 0.505
19 2 0.163
62 2 0.627
32 2 0.176
31 2 0.23
110 2 0.173
12 2 0.953
47 2 0.598
64 2 0.157
17 2 0.218
92 2 0.292
73 2 0.468
91 2 0.384
69 2 0.298
65 2 0.386
75 2 0.343
6 2 0.885
41 2 0.174
35 2 0.151
48 2 0.838
49 2 0.257
74 16 0.53
59 16 0.7
99 16 0.394
21 16 0.463
25 16 0.356
70 16 0.366
86 16 0.162
67 16 0.299
43 16 0.63
10 16 0.531
4 16 0.988
123 16 0.151
103 16 0.761
111 16 0.753
13 16 0.23
97 16 0.157
63 16 0.586
27 16 0.839
9 16 0.611
29 16 0.329
22 16 0.242
3 16 0.912
81 16 0.174
56 16 0.15
26 16 0.171
94 16 0.513
51 16 0.193
96 16 0.615
60 16 0.32
108 16 0.176
34 16 0.176
30 16 0.62
104 16 0.691
106 16 0.257
122 16 0.206
24 16 0.352
72 16 0.578
71 16 0.963
95 16 0.174
20 16 0.65
7 16 0.58
107 16 0.298
66 16 0.446
5 16 0.794
53 16 0.151
2 16 0.611
46 16 0.168
77 16 0.311
105 16 0.291
85 16 0.596
37 16 0.787
28 16 0.787
38 16 0.479
14 16 0.546
76 16 0.505
36 16 0.984
15 16 0.989
8 16 0.919
19 16 0.273
61 16 0.167
31 16 0.615
110 16 0.422
12 16 0.559
47 16 0.576
92 16 0.559
73 16 0.887
91 16 0.407
69 16 0.263
65 16 0.286
75 16 0.762
6 16 0.326
41 16 0.151
35 16 0.152
48 16 0.386
49 16 0.505
50 16 0.23
74 15 0.626
59 15 0.723
79 15 0.151
39 15 0.152
21 15 0.388
25 15 0.218
70 15 0.186
86 15 0.151
67 15 0.272
43 15 0.775
10 15 0.348
114 15 0.171
4 15 0.979
123 15 0.185
103 15 0.883
111 15 0.893
13 15 0.452
97 15 0.176
63 15 0.571
27 15 0.669
9 15 0.626
16 15 0.989
29 15 0.299
3 15 0.848
81 15 0.216
56 15 0.195
94 15 0.258
51 15 0.236
96 15 0.15
60 15 0.313
108 15 0.152
34 15 0.152
30 15 0.457
104 15 0.476
106 15 0.274
24 15 0.154
72 15 0.531
71 15 0.87
20 15 0.491
7 15 0.834
107 15 0.272
66 15 0.413
5 15 0.643
53 15 0.176
2 15 0.602
77 15 0.382
105 15 0.203
85 15 0.749
37 15 0.876
28 15 0.876
38 15 0.757
14 15 0.33
76 15 0.479
36 15 0.993
8 15 0.976
31 15 0.388
110 15 0.358
12 15 0.478
47 15 0.51
92 15 0.356
73 15 0.853
91 15 0.218
69 15 0.164
65 15 0.208
75 15 0.606
6 15 0.414
48 15 0.46
49 15 0.529
74 36 0.604
59 36 0.668
79 36 0.157
21 36 0.318
25 36 0.271
70 36 0.21
67 36 0.213
43 36 0.668
10 36 0.377
4 36 0.981
123 36 0.206
103 36 0.761
111 36 0.832
13 36 0.258
97 36 0.202
63 36 0.403
27 36 0.674
9 36 0.594
16 36 0.984
29 36 0.388
22 36 0.165
3 36 0.841
81 36 0.194
56 36 0.215
26 36 0.175
94 36 0.273
51 36 0.151
60 36 0.342
108 36 0.215
34 36 0.215
30 36 0.489
104 36 0.53
106 36 0.295
122 36 0.211
24 36 0.152
72 36 0.557
71 36 0.909
118 36 0.217
20 36 0.432
7 36 0.72
107 36 0.293
66 36 0.47
5 36 0.507
53 36 0.201
2 36 0.616
77 36 0.372
105 36 0.397
85 36 0.586
37 36 0.853
28 36 0.853
38 36 0.592
14 36 0.274
76 36 0.477
15 36 0.993
8 36 0.972
19 36 0.176
62 36 0.332
31 36 0.546
110 36 0.33
12 36 0.57
47 36 0.637
64 36 0.177
92 36 0.312
73 36 0.909
69 36 0.157
65 36 0.178
75 36 0.734
6 36 0.261
48 36 0.272
49 36 0.595
50 36 0.239
74 14 0.258
59 14 0.359
39 14 0.234
21 14 0.655
70 14 0.195
43 14 0.239
58 14 0.209
114 14 0.156
4 14 0.489
103 14 0.697
111 14 0.26
13 14 0.458
63 14 0.388
27 14 0.465
9 14 0.189
16 14 0.546
29 14 0.272
22 14 0.294
3 14 0.388
42 14 0.357
94 14 0.195
51 14 0.195
60 14 0.188
108 14 0.176
34 14 0.176
30 14 0.314
104 14 0.23
106 14 0.208
71 14 0.26
20 14 0.154
7 14 0.599
107 14 0.273
5 14 0.854
53 14 0.151
2 14 0.889
46 14 0.153
105 14 0.21
85 14 0.84
37 14 0.636
28 14 0.636
38 14 0.667
68 14 0.158
36 14 0.274
15 14 0.33
8 14 0.341
19 14 0.299
44 14 0.258
12 14 0.887
47 14 0.385
17 14 0.154
92 14 0.171
73 14 0.21
69 14 0.212
65 14 0.355
75 14 0.259
6 14 0.735
41 14 0.271
48 14 0.844
74 124 0.448
59 124 0.172
120 124 0.274
98 124 0.202
39 124 0.195
115 124 0.393
86 124 0.53
45 124 0.605
116 124 0.208
84 124 0.152
4 124 0.211
89 124 0.17
123 124 0.175
103 124 0.15
13 124 0.298
63 124 0.188
29 124 0.386
22 124 0.173
3 124 0.177
26 124 0.388
94 124 0.262
51 124 0.218
96 124 0.151
60 124 0.191
108 124 0.371
34 124 0.371
30 124 0.216
71 124 0.188
20 124 0.324
102 124 0.257
7 124 0.153
107 124 0.33
53 124 0.326
2 124 0.299
77 124 0.328
109 124 0.208
113 124 0.284
12 124 0.151
74 55 0.388
100 55 0.206
98 55 0.183
1 55 0.961
88 55 0.388
39 55 0.162
25 55 0.422
70 55 0.263
115 55 0.317
86 55 0.265
116 55 0.378
10 55 0.224
84 55 0.513
58 55 0.426
4 55 0.193
89 55 0.494
57 55 0.901
97 55 0.152
27 55 0.273
121 55 0.208
9 55 0.272
29 55 0.209
22 55 0.323
3 55 0.231
26 55 0.729
94 55 0.45
51 55 0.225
96 55 0.522
60 55 0.422
108 55 0.577
34 55 0.577
30 55 0.796
104 55 0.279
106 55 0.199
122 55 0.237
24 55 0.65
71 55 0.591
118 55 0.683
95 55 0.525
20 55 0.653
102 55 0.299
5 55 0.273
53 55 0.98
52 55 0.298
90 55 0.518
61 55 0.274
54 55 0.819
12 55 0.353
17 55 0.273
74 21 0.649
59 21 0.27
39 21 0.594
70 21 0.328
86 21 0.217
67 21 0.505
43 21 0.175
10 21 0.273
84 21 0.271
58 21 0.33
114 21 0.208
4 21 0.684
103 21 0.237
111 21 0.23
13 21 0.903
63 21 0.526
27 21 0.294
9 21 0.189
16 21 0.463
29 21 0.21
22 21 0.789
3 21 0.858
42 21 0.907
26 21 0.271
94 21 0.23
51 21 0.216
96 21 0.151
60 21 0.207
108 21 0.192
34 21 0.192
30 21 0.451
106 21 0.352
24 21 0.405
71 21 0.42
20 21 0.395
7 21 0.217
107 21 0.164
5 21 0.579
40 21 0.409
53 21 0.15
2 21 0.467
46 21 0.19
77 21 0.261
105 21 0.168
85 21 0.258
37 21 0.213
28 21 0.213
14 21 0.655
68 21 0.155
76 21 0.163
36 21 0.318
15 21 0.388
109 21 0.208
8 21 0.34
19 21 0.651
31 21 0.154
44 21 0.351
12 21 0.395
47 21 0.17
18 21 0.209
73 21 0.637
69 21 0.259
65 21 0.153
75 21 0.284
41 21 0.77
35 21 0.155
48 21 0.155
49 21 0.31
74 13 0.359
59 13 0.38
120 13 0.178
98 13 0.207
39 13 0.732
21 13 0.903
25 13 0.219
70 13 0.35
115 13 0.474
86 13 0.6
67 13 0.561
116 13 0.258
124 13 0.298
43 13 0.154
10 13 0.374
84 13 0.505
58 13 0.69
114 13 0.409
4 13 0.583
89 13 0.21
57 13 0.3
103 13 0.394
111 13 0.219
63 13 0.661
27 13 0.38
9 13 0.572
16 13 0.23
29 13 0.293
22 13 0.884
3 13 0.553
42 13 0.888
26 13 0.341
94 13 0.343
51 13 0.358
96 13 0.341
60 13 0.274
108 13 0.272
34 13 0.272
30 13 0.451
104 13 0.273
106 13 0.334
24 13 0.532
72 13 0.243
71 13 0.417
20 13 0.487
102 13 0.172
7 13 0.272
107 13 0.399
66 13 0.197
5 13 0.343
40 13 0.435
53 13 0.198
2 13 0.457
46 13 0.153
77 13 0.461
105 13 0.916
85 13 0.209
37 13 0.257
28 13 0.257
38 13 0.313
14 13 0.458
68 13 0.295
76 13 0.216
36 13 0.258
15 13 0.452
109 13 0.218
8 13 0.274
19 13 0.743
90 13 0.151
113 13 0.316
61 13 0.173
44 13 0.563
12 13 0.341
47 13 0.356
73 13 0.152
69 13 0.358
65 13 0.393
75 13 0.171
6 13 0.155
41 13 0.755
48 13 0.152
49 13 0.209
74 31 0.276
59 31 0.378
98 31 0.193
99 31 0.421
88 31 0.282
21 31 0.154
25 31 0.173
93 31 0.206
86 31 0.588
67 31 0.164
43 31 0.246
4 31 0.911
57 31 0.154
103 31 0.403
111 31 0.55
97 31 0.699
63 31 0.249
27 31 0.657
9 31 0.671
16 31 0.615
29 31 0.472
22 31 0.262
3 31 0.389
26 31 0.157
94 31 0.306
51 31 0.15
96 31 0.15
60 31 0.21
30 31 0.593
104 31 0.328
106 31 0.37
24 31 0.362
72 31 0.91
101 31 0.173
71 31 0.924
95 31 0.206
20 31 0.363
7 31 0.238
107 31 0.423
66 31 0.417
5 31 0.261
2 31 0.23
46 31 0.562
77 31 0.783
85 31 0.23
37 31 0.259
28 31 0.259
38 31 0.469
76 31 0.907
36 31 0.546
15 31 0.388
8 31 0.342
12 31 0.641
47 31 0.353
92 31 0.744
73 31 0.386
75 31 0.73
49 31 0.552
74 49 0.203
59 49 0.351
21 49 0.31
70 49 0.154
67 49 0.178
43 49 0.154
4 49 0.732
103 49 0.282
111 49 0.33
13 49 0.209
63 49 0.478
16 49 0.505
3 49 0.48
108 49 0.292
34 49 0.292
30 49 0.151
72 49 0.595
71 49 0.405
118 49 0.357
20 49 0.44
7 49 0.257
66 49 0.406
5 49 0.218
2 49 0.257
105 49 0.153
85 49 0.274
37 49 0.272
28 49 0.272
38 49 0.19
76 49 0.625
36 49 0.595
15 49 0.529
8 49 0.502
31 49 0.552
44 49 0.178
110 49 0.21
18 49 0.178
92 49 0.533
73 49 0.384
69 49 0.177
75 49 0.373
6 49 0.175
74 8 0.453
59 8 0.655
79 8 0.154
21 8 0.34
25 8 0.333
70 8 0.15
67 8 0.209
43 8 0.786
10 8 0.178
4 8 0.89
103 8 0.669
111 8 0.806
13 8 0.274
63 8 0.358
27 8 0.447
9 8 0.461
16 8 0.919
29 8 0.299
3 8 0.747
81 8 0.184
56 8 0.151
26 8 0.234
94 8 0.214
51 8 0.151
60 8 0.272
108 8 0.15
34 8 0.15
30 8 0.473
104 8 0.3
106 8 0.291
72 8 0.508
71 8 0.761
20 8 0.369
7 8 0.661
107 8 0.274
66 8 0.598
5 8 0.458
53 8 0.151
2 8 0.505
77 8 0.23
105 8 0.172
85 8 0.573
37 8 0.732
28 8 0.732
38 8 0.65
14 8 0.341
76 8 0.656
36 8 0.972
15 8 0.976
31 8 0.342
110 8 0.175
12 8 0.326
47 8 0.468
92 8 0.342
73 8 0.763
65 8 0.218
75 8 0.597
6 8 0.234
35 8 0.217
48 8 0.31
49 8 0.502
74 75 0.77
59 75 0.38
1 75 0.154
21 75 0.284
25 75 0.299
70 75 0.151
86 75 0.463
43 75 0.235
4 75 0.934
103 75 0.411
111 75 0.324
13 75 0.171
97 75 0.172
63 75 0.361
27 75 0.657
9 75 0.387
16 75 0.762
29 75 0.525
22 75 0.173
3 75 0.855
26 75 0.452
94 75 0.234
96 75 0.155
60 75 0.259
108 75 0.4
34 75 0.4
30 75 0.503
104 75 0.277
24 75 0.165
72 75 0.607
71 75 0.825
20 75 0.218
7 75 0.382
66 75 0.251
5 75 0.437
2 75 0.343
77 75 0.633
85 75 0.645
37 75 0.291
28 75 0.291
38 75 0.272
14 75 0.259
52 75 0.318
76 75 0.39
36 75 0.734
15 75 0.606
8 75 0.597
19 75 0.548
31 75 0.73
12 75 0.544
47 75 0.344
17 75 0.158
92 75 0.251
73 75 0.786
6 75 0.172
41 75 0.456
49 75 0.373
74 37 0.178
59 37 0.529
79 37 0.394
99 37 0.178
117 37 0.155
39 37 0.156
21 37 0.213
25 37 0.343
86 37 0.194
67 37 0.208
43 37 0.575
10 37 0.348
58 37 0.236
114 37 0.271
4 37 0.618
123 37 0.32
103 37 0.955
111 37 0.574
13 37 0.257
97 37 0.291
63 37 0.566
27 37 0.631
9 37 0.736
16 37 0.787
29 37 0.388
22 37 0.175
3 37 0.343
42 37 0.156
81 37 0.174
56 37 0.213
26 37 0.213
94 37 0.297
51 37 0.297
96 37 0.157
60 37 0.298
108 37 0.235
34 37 0.235
30 37 0.723
104 37 0.295
106 37 0.345
24 37 0.209
72 37 0.473
71 37 0.836
20 37 0.284
7 37 0.948
107 37 0.434
66 37 0.588
5 37 0.845
53 37 0.227
2 37 0.867
46 37 0.172
77 37 0.155
105 37 0.385
85 37 0.917
38 37 0.891
14 37 0.636
76 37 0.385
36 37 0.853
15 37 0.876
8 37 0.732
83 37 0.235
62 37 0.151
31 37 0.259
44 37 0.218
110 37 0.172
12 37 0.848
47 37 0.662
92 37 0.388
73 37 0.23
91 37 0.218
69 37 0.202
65 37 0.204
75 37 0.291
6 37 0.814
35 37 0.164
48 37 0.621
49 37 0.272
74 28 0.178
59 28 0.529
79 28 0.394
99 28 0.178
117 28 0.155
39 28 0.156
21 28 0.213
25 28 0.343
86 28 0.194
67 28 0.208
43 28 0.575
10 28 0.348
58 28 0.236
114 28 0.271
4 28 0.618
123 28 0.32
103 28 0.955
111 28 0.574
13 28 0.257
97 28 0.291
63 28 0.566
27 28 0.631
9 28 0.736
16 28 0.787
29 28 0.388
22 28 0.175
3 28 0.343
42 28 0.156
81 28 0.174
56 28 0.213
26 28 0.213
94 28 0.297
51 28 0.297
96 28 0.157
60 28 0.298
108 28 0.235
34 28 0.235
30 28 0.723
104 28 0.295
106 28 0.345
24 28 0.209
72 28 0.473
71 28 0.836
20 28 0.284
7 28 0.948
107 28 0.434
66 28 0.588
5 28 0.845
53 28 0.227
2 28 0.867
46 28 0.172
77 28 0.155
105 28 0.385
85 28 0.917
38 28 0.891
14 28 0.636
76 28 0.385
36 28 0.853
15 28 0.876
8 28 0.732
83 28 0.235
62 28 0.151
31 28 0.259
44 28 0.218
110 28 0.172
12 28 0.848
47 28 0.662
92 28 0.388
73 28 0.23
91 28 0.218
69 28 0.202
65 28 0.204
75 28 0.291
6 28 0.814
35 28 0.164
48 28 0.621
49 28 0.272
74 5 0.532
59 5 0.741
1 5 0.15
99 5 0.224
39 5 0.202
21 5 0.579
25 5 0.467
70 5 0.441
55 5 0.273
86 5 0.33
67 5 0.218
43 5 0.583
10 5 0.35
84 5 0.23
58 5 0.34
114 5 0.209
4 5 0.78
103 5 0.96
111 5 0.6
13 5 0.343
97 5 0.273
63 5 0.791
27 5 0.821
9 5 0.837
16 5 0.794
29 5 0.639
22 5 0.391
3 5 0.853
42 5 0.271
81 5 0.198
56 5 0.172
26 5 0.422
94 5 0.615
51 5 0.29
96 5 0.727
60 5 0.48
108 5 0.502
34 5 0.502
30 5 0.867
104 5 0.33
106 5 0.404
24 5 0.286
72 5 0.299
71 5 0.742
118 5 0.183
95 5 0.208
20 5 0.41
7 5 0.919
107 5 0.445
66 5 0.26
53 5 0.208
2 5 0.945
46 5 0.153
105 5 0.296
85 5 0.967
37 5 0.845
28 5 0.845
38 5 0.829
14 5 0.854
68 5 0.233
52 5 0.152
76 5 0.33
36 5 0.507
15 5 0.643
8 5 0.458
19 5 0.152
62 5 0.23
61 5 0.937
31 5 0.261
110 5 0.274
12 5 0.998
47 5 0.808
17 5 0.26
92 5 0.388
73 5 0.531
91 5 0.384
69 5 0.281
65 5 0.218
75 5 0.437
6 5 0.927
41 5 0.238
48 5 0.827
49 5 0.218
74 65 0.155
59 65 0.155
21 65 0.153
70 65 0.655
67 65 0.852
4 65 0.272
103 65 0.195
111 65 0.26
13 65 0.393
63 65 0.924
27 65 0.171
9 65 0.173
16 65 0.286
22 65 0.152
3 65 0.217
94 65 0.195
96 65 0.15
60 65 0.192
106 65 0.18
71 65 0.156
7 65 0.176
5 65 0.218
53 65 0.154
2 65 0.386
85 65 0.157
37 65 0.204
28 65 0.204
38 65 0.476
14 65 0.355
68 65 0.348
36 65 0.178
15 65 0.208
8 65 0.218
12 65 0.172
47 65 0.594
64 65 0.742
73 65 0.201
69 65 0.834
48 65 0.156
74 77 0.268
59 77 0.176
39 77 0.404
21 77 0.261
25 77 0.41
86 77 0.425
124 77 0.328
84 77 0.164
114 77 0.151
4 77 0.793
103 77 0.204
111 77 0.163
13 77 0.461
97 77 0.154
63 77 0.409
27 77 0.177
9 77 0.171
16 77 0.311
29 77 0.3
22 77 0.344
3 77 0.54
42 77 0.15
26 77 0.323
94 77 0.209
51 77 0.157
96 77 0.211
60 77 0.154
108 77 0.172
34 77 0.172
30 77 0.495
104 77 0.153
24 77 0.274
72 77 0.562
71 77 0.918
20 77 0.298
7 77 0.175
40 77 0.202
53 77 0.209
2 77 0.27
46 77 0.3
37 77 0.155
28 77 0.155
76 77 0.274
36 77 0.372
15 77 0.382
109 77 0.23
8 77 0.23
19 77 0.21
90 77 0.166
31 77 0.783
12 77 0.4
47 77 0.188
92 77 0.196
73 77 0.459
75 77 0.633
41 77 0.155
35 77 0.26
74 73 0.844
59 73 0.298
21 73 0.637
25 73 0.154
86 73 0.209
45 73 0.415
43 73 0.191
4 73 0.936
103 73 0.33
111 73 0.33
13 73 0.152
63 73 0.3
27 73 0.453
9 73 0.388
16 73 0.887
29 73 0.292
3 73 0.868
26 73 0.167
30 73 0.369
104 73 0.196
72 73 0.37
71 73 0.773
20 73 0.201
7 73 0.234
107 73 0.15
5 73 0.531
2 73 0.468
77 73 0.459
85 73 0.424
37 73 0.23
28 73 0.23
38 73 0.271
14 73 0.21
76 73 0.272
36 73 0.909
15 73 0.853
8 73 0.763
19 73 0.218
31 73 0.386
12 73 0.323
47 73 0.209
92 73 0.271
65 73 0.201
75 73 0.786
6 73 0.297
48 73 0.175
49 73 0.384
74 48 0.162
59 48 0.369
39 48 0.209
21 48 0.155
43 48 0.311
4 48 0.392
103 48 0.616
111 48 0.28
13 48 0.152
63 48 0.218
27 48 0.43
9 48 0.291
16 48 0.386
22 48 0.326
3 48 0.319
30 48 0.23
71 48 0.185
7 48 0.601
107 48 0.178
5 48 0.827
2 48 0.838
105 48 0.172
85 48 0.804
37 48 0.621
28 48 0.621
38 48 0.667
14 48 0.844
36 48 0.272
15 48 0.46
8 48 0.31
12 48 0.794
47 48 0.268
73 48 0.175
91 48 0.384
65 48 0.156
6 48 0.831
74 85 0.309
59 85 0.492
21 85 0.258
25 85 0.209
70 85 0.176
86 85 0.266
43 85 0.463
58 85 0.209
114 85 0.154
4 85 0.644
103 85 0.968
111 85 0.467
13 85 0.209
63 85 0.466
27 85 0.528
9 85 0.554
16 85 0.596
29 85 0.463
3 85 0.507
56 85 0.151
26 85 0.325
94 85 0.346
60 85 0.234
108 85 0.217
34 85 0.217
30 85 0.679
104 85 0.196
106 85 0.314
24 85 0.151
72 85 0.177
71 85 0.633
20 85 0.23
7 85 0.906
107 85 0.271
66 85 0.272
5 85 0.967
2 85 0.931
105 85 0.266
37 85 0.917
28 85 0.917
38 85 0.8
14 85 0.84
76 85 0.299
36 85 0.586
15 85 0.749
8 85 0.573
31 85 0.23
12 85 0.982
47 85 0.654
92 85 0.326
73 85 0.424
91 85 0.218
69 85 0.217
65 85 0.157
75 85 0.645
6 85 0.854
48 85 0.804
49 85 0.274
74 52 0.386
1 52 0.293
55 52 0.298
82 52 0.19
58 52 0.292
4 52 0.172
89 52 0.154
3 52 0.155
26 52 0.855
60 52 0.151
108 52 0.456
34 52 0.456
30 52 0.337
5 52 0.152
53 52 0.171
19 52 0.36
23 52 0.151
62 52 0.274
61 52 0.298
17 52 0.41
75 52 0.318
41 52 0.274
59 51 0.433
120 51 0.389
100 51 0.173
98 51 0.401
79 51 0.716
1 51 0.216
99 51 0.39
88 51 0.411
117 51 0.904
39 51 0.529
21 51 0.216
25 51 0.176
80 51 0.529
93 51 0.386
70 51 0.272
115 51 0.52
55 51 0.225
86 51 0.446
67 51 0.386
116 51 0.498
82 51 0.487
124 51 0.218
43 51 0.309
10 51 0.272
84 51 0.967
58 51 0.566
114 51 0.975
4 51 0.193
89 51 0.324
57 51 0.574
123 51 0.767
103 51 0.343
111 51 0.427
13 51 0.358
97 51 0.72
63 51 0.386
27 51 0.257
121 51 0.401
9 51 0.42
16 51 0.193
29 51 0.325
22 51 0.552
3 51 0.272
42 51 0.297
81 51 0.919
56 51 0.942
26 51 0.555
94 51 0.695
96 51 0.449
60 51 0.528
108 51 0.453
34 51 0.453
30 51 0.483
104 51 0.449
106 51 0.346
122 51 0.41
24 51 0.758
72 51 0.216
71 51 0.379
118 51 0.172
95 51 0.566
20 51 0.534
102 51 0.905
7 51 0.359
107 51 0.257
66 51 0.21
5 51 0.29
40 51 0.481
53 51 0.644
2 51 0.518
46 51 0.572
77 51 0.157
37 51 0.297
28 51 0.297
38 51 0.211
14 51 0.195
119 51 0.19
68 51 0.204
76 51 0.171
36 51 0.151
15 51 0.236
8 51 0.151
19 51 0.152
83 51 0.599
90 51 0.21
78 51 0.33
113 51 0.277
23 51 0.48
62 51 0.274
61 51 0.296
32 51 0.217
31 51 0.15
44 51 0.18
59 56 0.273
120 56 0.342
100 56 0.304
79 56 0.236
99 56 0.475
117 56 0.979
39 56 0.451
80 56 0.152
93 56 0.259
115 56 0.489
116 56 0.387
82 56 0.416
43 56 0.173
10 56 0.208
84 56 0.838
58 56 0.209
114 56 0.942
4 56 0.15
89 56 0.151
57 56 0.157
123 56 0.302
103 56 0.284
111 56 0.28
97 56 0.466
63 56 0.153
16 56 0.15
29 56 0.156
22 56 0.354
81 56 0.431
26 56 0.409
94 56 0.155
51 56 0.942
60 56 0.224
30 56 0.257
104 56 0.349
106 56 0.158
24 56 0.295
71 56 0.151
95 56 0.153
20 56 0.52
102 56 0.914
7 56 0.21
66 56 0.212
5 56 0.172
40 56 0.467
2 56 0.218
85 56 0.151
37 56 0.213
28 56 0.213
36 56 0.215
15 56 0.195
8 56 0.151
83 56 0.218
90 56 0.213
78 56 0.161
113 56 0.431
110 56 0.15
59 114 0.65
120 114 0.385
98 114 0.157
79 114 0.382
1 114 0.31
99 114 0.328
117 114 0.904
39 114 0.571
21 114 0.208
80 114 0.193
93 114 0.346
70 114 0.301
115 114 0.236
86 114 0.319
67 114 0.393
116 114 0.417
43 114 0.284
10 114 0.273
84 114 0.964
58 114 0.562
4 114 0.151
89 114 0.152
57 114 0.432
123 114 0.322
103 114 0.435
111 114 0.427
13 114 0.409
97 114 0.499
63 114 0.477
27 114 0.155
9 114 0.175
29 114 0.303
22 114 0.399
3 114 0.205
42 114 0.296
81 114 0.367
56 114 0.942
26 114 0.272
94 114 0.669
51 114 0.975
96 114 0.31
60 114 0.411
108 114 0.22
34 114 0.22
30 114 0.348
104 114 0.276
106 114 0.182
24 114 0.471
72 114 0.153
101 114 0.234
71 114 0.23
95 114 0.27
20 114 0.365
102 114 0.76
7 114 0.258
107 114 0.269
66 114 0.203
5 114 0.209
40 114 0.3
53 114 0.234
2 114 0.533
46 114 0.352
77 114 0.151
105 114 0.316
85 114 0.154
37 114 0.271
28 114 0.271
38 114 0.209
14 114 0.156
15 114 0.171
19 114 0.302
78 114 0.153
110 114 0.227
12 114 0.153
47 114 0.263
64 114 0.15
59 70 0.971
120 70 0.23
98 70 0.171
79 70 0.256
1 70 0.29
99 70 0.262
88 70 0.403
39 70 0.335
21 70 0.328
25 70 0.239
80 70 0.165
115 70 0.201
55 70 0.263
86 70 0.274
67 70 0.752
45 70 0.205
116 70 0.419
82 70 0.264
43 70 0.932
10 70 0.531
84 70 0.339
58 70 0.46
114 70 0.301
4 70 0.36
57 70 0.394
123 70 0.299
103 70 0.274
111 70 0.933
13 70 0.35
97 70 0.494
63 70 0.943
27 70 0.449
9 70 0.516
16 70 0.366
29 70 0.444
22 70 0.567
3 70 0.567
81 70 0.212
26 70 0.657
94 70 0.523
51 70 0.272
96 70 0.623
60 70 0.973
108 70 0.582
34 70 0.582
30 70 0.309
104 70 0.495
106 70 0.411
122 70 0.262
24 70 0.181
72 70 0.161
101 70 0.184
71 70 0.274
118 70 0.375
95 70 0.341
20 70 0.185
102 70 0.188
7 70 0.218
107 70 0.462
66 70 0.312
5 70 0.441
53 70 0.51
2 70 0.463
46 70 0.152
105 70 0.455
85 70 0.176
38 70 0.15
14 70 0.195
68 70 0.44
76 70 0.158
36 70 0.21
15 70 0.186
8 70 0.15
19 70 0.153
113 70 0.16
61 70 0.362
54 70 0.341
12 70 0.21
47 70 0.265
64 70 0.748
17 70 0.168
69 70 0.62
65 70 0.655
75 70 0.151
41 70 0.157
35 70 0.34
49 70 0.154
59 39 0.461
120 39 0.258
79 39 0.211
88 39 0.153
117 39 0.197
21 39 0.594
25 39 0.172
70 39 0.335
115 39 0.396
55 39 0.162
86 39 0.212
67 39 0.671
116 39 0.257
124 39 0.195
10 39 0.215
84 39 0.501
58 39 0.449
114 39 0.571
4 39 0.154
89 39 0.217
57 39 0.386
123 39 0.166
103 39 0.271
111 39 0.171
13 39 0.732
97 39 0.154
63 39 0.47
27 39 0.198
29 39 0.268
22 39 0.973
3 39 0.383
42 39 0.651
56 39 0.451
26 39 0.23
94 39 0.31
51 39 0.529
96 39 0.401
60 39 0.388
108 39 0.394
34 39 0.394
30 39 0.236
24 39 0.388
71 39 0.231
20 39 0.381
102 39 0.334
7 39 0.214
5 39 0.202
40 39 0.983
53 39 0.373
2 39 0.2
77 39 0.404
37 39 0.156
28 39 0.156
38 39 0.178
14 39 0.234
119 39 0.151
15 39 0.152
109 39 0.505
19 39 0.546
113 39 0.235
61 39 0.439
44 39 0.184
18 39 0.151
41 39 0.227
48 39 0.209
59 120 0.341
98 120 0.222
79 120 0.162
117 120 0.216
39 120 0.258
70 120 0.23
116 120 0.901
124 120 0.274
43 120 0.156
84 120 0.449
114 120 0.385
57 120 0.218
123 120 0.468
111 120 0.153
13 120 0.178
97 120 0.15
22 120 0.177
81 120 0.325
56 120 0.342
51 120 0.389
96 120 0.199
60 120 0.291
95 120 0.226
102 120 0.284
61 120 0.218
44 120 0.203
59 115 0.179
100 115 0.274
98 115 0.369
79 115 0.208
1 115 0.238
99 115 0.841
88 115 0.255
39 115 0.396
70 115 0.201
115 115 0.331
115 115 0.331
55 115 0.317
67 115 0.261
116 115 0.782
82 115 0.248
124 115 0.393
10 115 0.176
84 115 0.152
58 115 0.244
114 115 0.236
4 115 0.153
57 115 0.227
123 115 0.563
111 115 0.309
13 115 0.474
97 115 0.658
63 115 0.244
121 115 0.375
9 115 0.173
22 115 0.389
42 115 0.157
81 115 0.351
56 115 0.489
26 115 0.735
94 115 0.152
51 115 0.52
60 115 0.292
108 115 0.497
34 115 0.497
106 115 0.314
122 115 0.272
71 115 0.318
112 115 0.479
118 115 0.198
95 115 0.333
102 115 0.216
107 115 0.188
66 115 0.159
53 115 0.467
2 115 0.217
83 115 0.173
90 115 0.981
78 115 0.234
113 115 0.996
23 115 0.15
59 97 0.258
120 97 0.15
100 97 0.948
98 97 0.524
79 97 0.363
99 97 0.991
88 97 0.525
117 97 0.303
39 97 0.154
25 97 0.171
80 97 0.389
93 97 0.446
70 97 0.494
115 97 0.658
55 97 0.152
86 97 0.381
67 97 0.219
45 97 0.15
116 97 0.528
82 97 0.291
43 97 0.173
10 97 0.437
84 97 0.521
58 97 0.195
114 97 0.499
4 97 0.334
89 97 0.244
57 97 0.375
123 97 0.627
103 97 0.495
111 97 0.465
63 97 0.309
27 97 0.382
121 97 0.268
9 97 0.617
16 97 0.157
29 97 0.486
22 97 0.29
3 97 0.268
81 97 0.562
56 97 0.466
26 97 0.299
94 97 0.554
51 97 0.72
96 97 0.225
60 97 0.435
108 97 0.197
34 97 0.197
30 97 0.744
104 97 0.55
106 97 0.751
122 97 0.581
24 97 0.582
72 97 0.408
101 97 0.975
71 97 0.851
118 97 0.469
95 97 0.378
20 97 0.678
102 97 0.688
7 97 0.365
107 97 0.178
66 97 0.252
5 97 0.273
53 97 0.237
2 97 0.252
46 97 0.288
77 97 0.154
105 97 0.168
37 97 0.291
28 97 0.291
36 97 0.202
15 97 0.176
109 97 0.15
90 97 0.336
113 97 0.563
61 97 0.221
31 97 0.699
110 97 0.349
12 97 0.216
47 97 0.211
92 97 0.26
75 97 0.172
59 123 0.474
120 123 0.468
100 123 0.341
98 123 0.342
79 123 0.43
99 123 0.347
39 123 0.166
80 123 0.307
93 123 0.153
70 123 0.299
115 123 0.563
67 123 0.212
116 123 0.991
82 123 0.15
124 123 0.175
43 123 0.295
10 123 0.237
84 123 0.275
114 123 0.322
57 123 0.308
103 123 0.376
111 123 0.587
97 123 0.627
63 123 0.171
121 123 0.851
9 123 0.214
16 123 0.151
22 123 0.216
3 123 0.156
81 123 0.552
56 123 0.302
26 123 0.173
94 123 0.475
51 123 0.767
96 123 0.167
60 123 0.585
108 123 0.418
34 123 0.418
30 123 0.401
104 123 0.3
106 123 0.397
122 123 0.987
24 123 0.386
72 123 0.417
101 123 0.198
71 123 0.498
112 123 0.351
118 123 0.923
95 123 0.544
20 123 0.437
102 123 0.171
7 123 0.152
66 123 0.243
53 123 0.172
2 123 0.15
37 123 0.32
28 123 0.32
36 123 0.206
15 123 0.185
90 123 0.273
78 123 0.256
113 123 0.503
54 123 0.229
59 9 0.604
99 9 0.308
88 9 0.206
21 9 0.189
25 9 0.639
70 9 0.516
115 9 0.173
55 9 0.272
86 9 0.776
67 9 0.439
43 9 0.436
10 9 0.724
84 9 0.17
58 9 0.862
114 9 0.175
4 9 0.858
57 9 0.157
123 9 0.214
103 9 0.918
111 9 0.472
13 9 0.572
97 9 0.617
63 9 0.714
27 9 0.993
16 9 0.611
29 9 0.661
22 9 0.282
3 9 0.489
42 9 0.241
81 9 0.244
26 9 0.335
94 9 0.834
51 9 0.42
96 9 0.347
60 9 0.374
108 9 0.449
34 9 0.449
30 9 0.962
104 9 0.976
106 9 0.33
122 9 0.277
24 9 0.764
72 9 0.708
71 9 0.993
118 9 0.382
95 9 0.638
20 9 0.736
102 9 0.218
7 9 0.805
107 9 0.976
66 9 0.459
5 9 0.837
53 9 0.174
2 9 0.552
46 9 0.561
77 9 0.171
105 9 0.406
85 9 0.554
37 9 0.736
28 9 0.736
38 9 0.618
14 9 0.189
76 9 0.544
36 9 0.594
15 9 0.626
109 9 0.156
8 9 0.461
113 9 0.156
23 9 0.431
61 9 0.255
31 9 0.671
110 9 0.229
12 9 0.955
47 9 0.487
18 9 0.152
92 9 0.469
73 9 0.388
91 9 0.854
69 9 0.151
65 9 0.173
75 9 0.387
6 9 0.362
35 9 0.218
48 9 0.291
59 81 0.298
120 81 0.325
100 81 0.416
98 81 0.444
79 81 0.994
99 81 0.352
88 81 0.451
117 81 0.487
80 81 0.989
93 81 0.605
70 81 0.212
115 81 0.351
67 81 0.218
116 81 0.452
82 81 0.981
10 81 0.291
84 81 0.286
114 81 0.367
4 81 0.154
89 81 0.324
57 81 0.388
123 81 0.552
103 81 0.298
111 81 0.291
97 81 0.562
63 81 0.169
9 81 0.244
16 81 0.174
22 81 0.175
56 81 0.431
26 81 0.476
94 81 0.298
51 81 0.919
96 81 0.231
60 81 0.284
108 81 0.215
34 81 0.215
30 81 0.294
104 81 0.299
106 81 0.238
122 81 0.218
24 81 0.232
72 81 0.156
71 81 0.235
118 81 0.31
95 81 0.437
20 81 0.473
102 81 0.238
7 81 0.21
66 81 0.298
5 81 0.198
53 81 0.652
2 81 0.157
46 81 0.203
37 81 0.174
28 81 0.174
36 81 0.194
15 81 0.216
8 81 0.184
83 81 0.983
78 81 0.982
23 81 0.457
62 81 0.258
32 81 0.192
110 81 0.26
59 53 0.592
79 53 0.505
1 53 0.21
99 53 0.156
88 53 0.824
39 53 0.373
21 53 0.15
25 53 0.28
80 53 0.379
93 53 0.272
70 53 0.51
115 53 0.467
55 53 0.98
86 53 0.178
67 53 0.635
116 53 0.56
82 53 0.357
124 53 0.326
43 53 0.215
84 53 0.218
58 53 0.54
114 53 0.234
4 53 0.32
89 53 0.329
57 53 0.769
123 53 0.172
103 53 0.27
111 53 0.33
13 53 0.198
97 53 0.237
63 53 0.388
9 53 0.174
16 53 0.151
29 53 0.178
22 53 0.513
3 53 0.208
81 53 0.652
26 53 0.854
94 53 0.485
51 53 0.644
96 53 0.648
60 53 0.827
108 53 0.862
34 53 0.862
30 53 0.503
104 53 0.219
24 53 0.412
72 53 0.165
71 53 0.535
95 53 0.512
20 53 0.287
102 53 0.494
7 53 0.274
107 53 0.561
5 53 0.208
40 53 0.154
2 53 0.343
77 53 0.209
105 53 0.215
37 53 0.227
28 53 0.227
38 53 0.206
14 53 0.151
119 53 0.15
52 53 0.171
36 53 0.201
15 53 0.176
8 53 0.151
19 53 0.295
83 53 0.284
90 53 0.566
78 53 0.271
113 53 0.447
23 53 0.668
62 53 0.715
61 53 0.733
32 53 0.242
54 53 0.948
12 53 0.318
17 53 0.638
87 53 0.218
65 53 0.154
41 53 0.219
59 72 0.427
98 72 0.192
25 72 0.232
70 72 0.161
86 72 0.274
116 72 0.189
43 72 0.208
10 72 0.282
58 72 0.155
114 72 0.153
4 72 0.853
57 72 0.191
123 72 0.417
103 72 0.423
111 72 0.509
13 72 0.243
97 72 0.408
63 72 0.298
27 72 0.869
121 72 0.914
9 72 0.708
16 72 0.578
29 72 0.84
22 72 0.186
3 72 0.509
81 72 0.156
26 72 0.151
94 72 0.528
51 72 0.216
96 72 0.208
60 72 0.322
108 72 0.174
34 72 0.174
30 72 0.99
104 72 0.468
106 72 0.563
122 72 0.259
24 72 0.753
71 72 0.999
118 72 0.285
95 72 0.527
20 72 0.619
102 72 0.189
7 72 0.361
107 72 0.258
66 72 0.61
5 72 0.299
40 72 0.496
53 72 0.165
2 72 0.29
46 72 0.181
77 72 0.562
105 72 0.369
85 72 0.177
37 72 0.473
28 72 0.473
38 72 0.271
76 72 0.91
36 72 0.557
15 72 0.531
8 72 0.508
31 72 0.91
110 72 0.234
12 72 0.53
47 72 0.394
92 72 0.976
73 72 0.37
91 72 0.355
75 72 0.607
6 72 0.173
35 72 0.3
49 72 0.595
59 106 0.258
100 106 0.171
98 106 0.495
79 106 0.246
99 106 0.299
117 106 0.178
21 106 0.352
25 106 0.345
70 106 0.411
115 106 0.314
55 106 0.199
86 106 0.385
67 106 0.218
82 106 0.161
43 106 0.245
10 106 0.272
84 106 0.316
58 106 0.175
114 106 0.182
4 106 0.435
123 106 0.397
103 106 0.545
111 106 0.435
13 106 0.334
97 106 0.751
63 106 0.506
27 106 0.405
121 106 0.177
9 106 0.33
16 106 0.257
29 106 0.395
3 106 0.232
81 106 0.238
56 106 0.158
26 106 0.212
94 106 0.976
51 106 0.346
96 106 0.366
60 106 0.204
108 106 0.9
34 106 0.9
30 106 0.987
104 106 0.376
122 106 0.408
24 106 0.958
72 106 0.563
101 106 0.273
71 106 0.99
118 106 0.17
95 106 0.956
20 106 0.95
102 106 0.92
7 106 0.439
66 106 0.391
5 106 0.404
2 106 0.387
46 106 0.196
105 106 0.198
85 106 0.314
37 106 0.345
28 106 0.345
38 106 0.418
14 106 0.208
36 106 0.295
15 106 0.274
8 106 0.291
23 106 0.175
31 106 0.37
110 106 0.235
12 106 0.356
47 106 0.23
92 106 0.585
65 106 0.18
35 106 0.153
59 104 0.348
98 104 0.171
79 104 0.182
1 104 0.256
99 104 0.937
25 104 0.41
93 104 0.218
70 104 0.495
55 104 0.279
86 104 0.649
67 104 0.357
116 104 0.15
43 104 0.174
10 104 0.63
84 104 0.274
58 104 0.398
114 104 0.276
4 104 0.684
57 104 0.255
123 104 0.3
103 104 0.6
111 104 0.334
13 104 0.273
97 104 0.55
63 104 0.532
27 104 0.946
9 104 0.976
16 104 0.691
29 104 0.767
22 104 0.272
3 104 0.487
81 104 0.299
56 104 0.349
26 104 0.284
94 104 0.939
51 104 0.449
96 104 0.393
60 104 0.287
108 104 0.392
34 104 0.392
30 104 0.875
106 104 0.376
122 104 0.296
24 104 0.717
72 104 0.468
71 104 0.973
118 104 0.762
95 104 0.504
20 104 0.985
102 104 0.311
7 104 0.352
107 104 0.804
66 104 0.374
5 104 0.33
53 104 0.219
2 104 0.316
77 104 0.153
105 104 0.312
85 104 0.196
37 104 0.295
28 104 0.295
38 104 0.316
14 104 0.23
76 104 0.287
36 104 0.53
15 104 0.476
109 104 0.405
8 104 0.3
23 104 0.414
31 104 0.328
110 104 0.443
12 104 0.363
47 104 0.376
18 104 0.152
92 104 0.675
73 104 0.196
91 104 0.601
75 104 0.277
59 121 0.216
98 121 0.232
99 121 0.223
25 121 0.167
115 121 0.375
55 121 0.208
116 121 0.271
10 121 0.23
84 121 0.228
58 121 0.15
123 121 0.851
111 121 0.192
97 121 0.268
26 121 0.315
94 121 0.23
51 121 0.401
60 121 0.17
30 121 0.177
106 121 0.177
122 121 0.973
24 121 0.173
72 121 0.914
71 121 0.291
112 121 0.233
118 121 0.421
95 121 0.936
20 121 0.299
102 121 0.153
90 121 0.198
113 121 0.15
54 121 0.249
59 10 0.346
98 10 0.155
79 10 0.156
1 10 0.15
99 10 0.27
39 10 0.215
21 10 0.273
25 10 0.151
93 10 0.167
70 10 0.531
115 10 0.176
55 10 0.224
86 10 0.525
67 10 0.955
43 10 0.638
84 10 0.298
58 10 0.838
114 10 0.273
4 10 0.581
89 10 0.191
57 10 0.214
123 10 0.237
103 10 0.478
111 10 0.478
13 10 0.374
97 10 0.437
63 10 0.868
27 10 0.703
121 10 0.23
9 10 0.724
16 10 0.531
29 10 0.758
3 10 0.385
81 10 0.291
56 10 0.208
26 10 0.214
94 10 0.424
51 10 0.272
60 10 0.419
108 10 0.157
34 10 0.157
30 10 0.605
104 10 0.63
106 10 0.272
122 10 0.23
24 10 0.577
72 10 0.282
71 10 0.722
118 10 0.384
95 10 0.341
20 10 0.577
102 10 0.293
7 10 0.231
107 10 0.461
66 10 0.732
5 10 0.35
2 10 0.45
105 10 0.885
37 10 0.348
28 10 0.348
119 10 0.297
76 10 0.283
36 10 0.377
15 10 0.348
109 10 0.426
8 10 0.178
12 10 0.299
18 10 0.605
91 10 0.357
59 82 0.177
98 82 0.151
79 82 0.976
99 82 0.264
80 82 0.961
93 82 0.175
70 82 0.264
115 82 0.248
67 82 0.178
45 82 0.152
123 82 0.15
97 82 0.291
22 82 0.153
81 82 0.981
56 82 0.416
26 82 0.318
94 82 0.17
51 82 0.487
60 82 0.227
108 82 0.175
34 82 0.175
106 82 0.161
122 82 0.376
118 82 0.351
95 82 0.27
20 82 0.24
53 82 0.357
52 82 0.19
19 82 0.23
83 82 0.852
78 82 0.955
62 82 0.175
17 82 0.15
41 82 0.215
59 66 0.352
79 66 0.295
117 66 0.18
93 66 0.154
70 66 0.312
115 66 0.159
86 66 0.356
43 66 0.729
10 66 0.732
58 66 0.194
114 66 0.203
4 66 0.59
123 66 0.243
103 66 0.415
111 66 0.452
13 66 0.197
97 66 0.252
63 66 0.332
27 66 0.358
9 66 0.459
16 66 0.446
29 66 0.399
3 66 0.155
81 66 0.298
56 66 0.212
94 66 0.23
51 66 0.21
60 66 0.208
108 66 0.157
34 66 0.157
30 66 0.33
104 66 0.374
106 66 0.391
72 66 0.61
71 66 0.652
118 66 0.271
95 66 0.219
20 66 0.525
7 66 0.355
107 66 0.467
5 66 0.26
2 66 0.371
105 66 0.817
85 66 0.272
37 66 0.588
28 66 0.588
38 66 0.356
76 66 0.877
36 66 0.47
15 66 0.413
8 66 0.598
31 66 0.417
110 66 0.658
12 66 0.231
47 66 0.218
92 66 0.663
75 66 0.251
35 66 0.153
49 66 0.406
59 116 0.357
120 116 0.901
79 116 0.257
99 116 0.793
117 116 0.238
39 116 0.257
80 116 0.195
93 116 0.168
70 116 0.419
115 116 0.782
55 116 0.378
67 116 0.203
116 116 0.874
116 116 0.874
124 116 0.208
84 116 0.557
58 116 0.162
114 116 0.417
57 116 0.566
123 116 0.991
103 116 0.171
111 116 0.27
13 116 0.258
97 116 0.528
63 116 0.175
121 116 0.271
22 116 0.209
81 116 0.452
56 116 0.387
26 116 0.31
94 116 0.296
51 116 0.498
96 116 0.314
60 116 0.408
108 116 0.266
34 116 0.266
30 116 0.188
104 116 0.15
122 116 0.562
24 116 0.269
72 116 0.189
71 116 0.238
112 116 0.859
118 116 0.272
95 116 0.55
102 116 0.326
53 116 0.56
2 116 0.151
83 116 0.164
90 116 0.842
113 116 0.801
59 68 0.219
21 68 0.155
70 68 0.44
67 68 0.191
13 68 0.295
63 68 0.615
27 68 0.286
3 68 0.388
94 68 0.154
51 68 0.204
60 68 0.21
108 68 0.428
34 68 0.428
122 68 0.266
20 68 0.328
107 68 0.29
5 68 0.233
2 68 0.173
38 68 0.169
14 68 0.158
47 68 0.296
18 68 0.226
69 68 0.392
65 68 0.348
59 22 0.388
120 22 0.177
79 22 0.168
1 22 0.438
99 22 0.235
88 22 0.291
39 22 0.973
21 22 0.789
25 22 0.342
70 22 0.567
115 22 0.389
55 22 0.323
86 22 0.386
67 22 0.294
45 22 0.422
116 22 0.209
82 22 0.153
124 22 0.173
84 22 0.714
58 22 0.345
114 22 0.399
4 22 0.298
89 22 0.262
57 22 0.396
123 22 0.216
103 22 0.482
111 22 0.394
13 22 0.884
97 22 0.29
63 22 0.476
27 22 0.15
9 22 0.282
16 22 0.242
29 22 0.44
3 22 0.324
42 22 0.935
81 22 0.175
56 22 0.354
26 22 0.587
94 22 0.394
51 22 0.552
96 22 0.634
60 22 0.506
108 22 0.723
34 22 0.723
30 22 0.948
104 22 0.272
24 22 0.937
72 22 0.186
71 22 0.93
118 22 0.925
95 22 0.264
20 22 0.575
102 22 0.325
7 22 0.436
107 22 0.157
5 22 0.391
40 22 0.969
53 22 0.513
2 22 0.297
77 22 0.344
105 22 0.174
37 22 0.175
28 22 0.175
38 22 0.194
14 22 0.294
76 22 0.173
36 22 0.165
19 22 0.467
90 22 0.173
113 22 0.171
62 22 0.22
61 22 0.974
31 22 0.262
44 22 0.155
12 22 0.23
47 22 0.156
17 22 0.23
65 22 0.152
75 22 0.173
41 22 0.384
48 22 0.326
59 7 0.65
79 7 0.258
99 7 0.295
117 7 0.272
39 7 0.214
21 7 0.217
25 7 0.323
80 7 0.218
70 7 0.218
86 7 0.151
67 7 0.26
45 7 0.282
124 7 0.153
43 7 0.574
10 7 0.231
58 7 0.235
114 7 0.258
4 7 0.529
123 7 0.152
103 7 0.992
111 7 0.737
13 7 0.272
97 7 0.365
63 7 0.467
27 7 0.801
9 7 0.805
16 7 0.58
29 7 0.455
22 7 0.436
3 7 0.356
81 7 0.21
56 7 0.21
26 7 0.193
94 7 0.299
51 7 0.359
96 7 0.215
60 7 0.355
108 7 0.677
34 7 0.677
30 7 0.816
104 7 0.352
106 7 0.439
24 7 0.517
72 7 0.361
71 7 0.746
112 7 0.173
118 7 0.191
95 7 0.15
20 7 0.318
107 7 0.326
66 7 0.355
5 7 0.919
53 7 0.274
2 7 0.809
46 7 0.195
77 7 0.175
105 7 0.436
85 7 0.906
37 7 0.948
28 7 0.948
38 7 0.848
14 7 0.599
76 7 0.397
36 7 0.72
15 7 0.834
8 7 0.661
19 7 0.166
62 7 0.153
31 7 0.238
110 7 0.174
12 7 0.942
47 7 0.71
92 7 0.386
73 7 0.234
91 7 0.218
69 7 0.191
65 7 0.176
75 7 0.382
6 7 0.852
35 7 0.262
48 7 0.601
49 7 0.257
59 107 0.386
88 107 0.188
21 107 0.164
25 107 0.15
80 107 0.243
70 107 0.462
115 107 0.188
86 107 0.947
67 107 0.49
124 107 0.33
43 107 0.506
10 107 0.461
58 107 0.416
114 107 0.269
4 107 0.413
103 107 0.698
111 107 0.36
13 107 0.399
97 107 0.178
63 107 0.679
27 107 0.793
9 107 0.976
16 107 0.298
29 107 0.805
22 107 0.157
3 107 0.33
26 107 0.356
94 107 0.4
51 107 0.257
96 107 0.172
60 107 0.368
108 107 0.391
34 107 0.391
30 107 0.445
104 107 0.804
24 107 0.209
72 107 0.258
101 107 0.161
71 107 0.646
95 107 0.17
20 107 0.313
7 107 0.326
66 107 0.467
5 107 0.445
53 107 0.561
2 107 0.52
105 107 0.805
85 107 0.271
37 107 0.434
28 107 0.434
38 107 0.571
14 107 0.273
68 107 0.29
76 107 0.557
36 107 0.293
15 107 0.272
8 107 0.274
90 107 0.255
113 107 0.255
31 107 0.423
12 107 0.627
47 107 0.298
17 107 0.175
92 107 0.155
73 107 0.15
91 107 0.242
69 107 0.203
48 107 0.178
59 61 0.3
120 61 0.218
1 61 0.443
117 61 0.322
39 61 0.439
70 61 0.362
55 61 0.274
43 61 0.493
58 61 0.958
89 61 0.24
57 61 0.413
111 61 0.272
13 61 0.173
97 61 0.221
63 61 0.261
9 61 0.255
16 61 0.167
22 61 0.974
3 61 0.298
26 61 0.69
94 61 0.513
51 61 0.296
96 61 0.356
60 61 0.859
108 61 0.975
34 61 0.975
30 61 0.255
24 61 0.462
71 61 0.237
118 61 0.265
95 61 0.258
20 61 0.414
5 61 0.937
53 61 0.733
105 61 0.253
52 61 0.298
19 61 0.211
23 61 0.15
62 61 0.874
12 61 0.9
17 61 0.976
69 61 0.409
41 61 0.15
59 67 0.516
79 67 0.274
99 67 0.154
39 67 0.671
21 67 0.505
80 67 0.173
70 67 0.752
115 67 0.261
86 67 0.535
116 67 0.203
82 67 0.178
43 67 0.31
10 67 0.955
84 67 0.154
58 67 0.822
114 67 0.393
4 67 0.479
89 67 0.151
57 67 0.386
123 67 0.212
103 67 0.365
111 67 0.593
13 67 0.561
97 67 0.219
63 67 0.936
27 67 0.321
9 67 0.439
16 67 0.299
29 67 0.675
22 67 0.294
3 67 0.262
81 67 0.218
26 67 0.33
94 67 0.756
51 67 0.386
96 67 0.53
60 67 0.607
108 67 0.3
34 67 0.3
30 67 0.53
104 67 0.357
106 67 0.218
24 67 0.657
71 67 0.457
95 67 0.281
20 67 0.349
7 67 0.26
107 67 0.49
5 67 0.218
40 67 0.194
53 67 0.635
2 67 0.31
105 67 0.749
37 67 0.208
28 67 0.208
38 67 0.278
119 67 0.284
68 67 0.191
36 67 0.213
15 67 0.272
109 67 0.664
8 67 0.209
19 67 0.353
90 67 0.15
113 67 0.247
62 67 0.152
31 67 0.164
12 67 0.301
47 67 0.647
64 67 0.457
18 67 0.729
92 67 0.15
69 67 0.57
65 67 0.852
41 67 0.243
49 67 0.178
59 105 0.416
98 105 0.163
79 105 0.161
99 105 0.26
21 105 0.168
70 105 0.455
86 105 0.597
67 105 0.749
43 105 0.483
10 105 0.885
84 105 0.166
58 105 0.393
114 105 0.316
4 105 0.572
103 105 0.544
111 105 0.271
13 105 0.916
97 105 0.168
63 105 0.395
27 105 0.376
9 105 0.406
16 105 0.291
29 105 0.432
22 105 0.174
3 105 0.208
42 105 0.524
26 105 0.37
94 105 0.754
96 105 0.248
60 105 0.464
108 105 0.651
34 105 0.651
30 105 0.257
104 105 0.312
106 105 0.198
72 105 0.369
71 105 0.414
20 105 0.271
7 105 0.436
107 105 0.805
66 105 0.817
5 105 0.296
53 105 0.215
2 105 0.594
85 105 0.266
37 105 0.385
28 105 0.385
38 105 0.272
14 105 0.21
76 105 0.475
36 105 0.397
15 105 0.203
8 105 0.172
19 105 0.234
23 105 0.257
62 105 0.451
61 105 0.253
110 105 0.168
12 105 0.329
47 105 0.368
92 105 0.171
91 105 0.174
48 105 0.172
49 105 0.153
59 80 0.151
79 80 0.992
88 80 0.152
117 80 0.154
93 80 0.312
70 80 0.165
67 80 0.173
116 80 0.195
82 80 0.961
114 80 0.193
89 80 0.233
57 80 0.311
123 80 0.307
103 80 0.259
97 80 0.389
81 80 0.989
56 80 0.152
26 80 0.284
51 80 0.529
60 80 0.195
118 80 0.35
95 80 0.173
20 80 0.235
102 80 0.151
7 80 0.218
107 80 0.243
53 80 0.379
2 80 0.151
83 80 0.937
78 80 0.982
23 80 0.174
32 80 0.549
59 79 0.273
120 79 0.162
99 79 0.214
88 79 0.274
117 79 0.23
39 79 0.211
80 79 0.992
93 79 0.504
70 79 0.256
115 79 0.208
67 79 0.274
116 79 0.257
82 79 0.976
10 79 0.156
84 79 0.2
114 79 0.382
89 79 0.298
57 79 0.329
123 79 0.43
103 79 0.311
111 79 0.151
97 79 0.363
22 79 0.168
81 79 0.994
56 79 0.236
26 79 0.406
94 79 0.172
51 79 0.716
96 79 0.208
60 79 0.291
108 79 0.208
34 79 0.208
30 79 0.208
104 79 0.182
106 79 0.246
24 79 0.17
71 79 0.256
118 79 0.275
95 79 0.209
20 79 0.371
102 79 0.269
7 79 0.258
66 79 0.295
53 79 0.505
2 79 0.178
105 79 0.161
37 79 0.394
28 79 0.394
36 79 0.157
15 79 0.151
8 79 0.154
19 79 0.196
83 79 0.965
78 79 0.98
23 79 0.355
62 79 0.208
32 79 0.182
41 79 0.15
59 46 0.274
117 46 0.151
21 46 0.19
25 46 0.259
70 46 0.152
43 46 0.209
84 46 0.26
58 46 0.272
114 46 0.352
103 46 0.361
111 46 0.752
13 46 0.153
97 46 0.288
63 46 0.169
9 46 0.561
16 46 0.168
29 46 0.473
3 46 0.261
81 46 0.203
26 46 0.387
94 46 0.577
51 46 0.572
60 46 0.196
30 46 0.544
106 46 0.196
24 46 0.478
72 46 0.181
71 46 0.437
20 46 0.23
102 46 0.441
7 46 0.195
5 46 0.153
2 46 0.574
77 46 0.3
37 46 0.172
28 46 0.172
14 46 0.153
31 46 0.562
47 46 0.541
33 46 0.166
41 46 0.174
35 46 0.582
59 41 0.234
79 41 0.15
39 41 0.227
21 41 0.77
70 41 0.157
67 41 0.243
45 41 0.15
82 41 0.215
4 41 0.272
89 41 0.423
103 41 0.208
13 41 0.755
63 41 0.171
16 41 0.151
22 41 0.384
42 41 0.862
26 41 0.258
96 41 0.194
60 41 0.274
108 41 0.681
34 41 0.681
5 41 0.238
53 41 0.219
2 41 0.174
46 41 0.174
77 41 0.155
14 41 0.271
52 41 0.274
19 41 0.975
62 41 0.188
61 41 0.15
44 41 0.71
12 41 0.152
17 41 0.271
75 41 0.456
59 19 0.26
79 19 0.196
99 19 0.152
117 19 0.281
39 19 0.546
21 19 0.651
70 19 0.153
67 19 0.353
45 19 0.196
82 19 0.23
84 19 0.15
58 19 0.156
114 19 0.302
4 19 0.354
89 19 0.284
103 19 0.257
13 19 0.743
63 19 0.209
16 19 0.273
22 19 0.467
42 19 0.864
26 19 0.36
94 19 0.153
51 19 0.152
96 19 0.328
60 19 0.294
108 19 0.725
34 19 0.725
20 19 0.15
7 19 0.166
5 19 0.152
53 19 0.295
2 19 0.163
77 19 0.21
105 19 0.234
14 19 0.299
52 19 0.36
36 19 0.176
62 19 0.328
61 19 0.211
44 19 0.73
12 19 0.151
47 19 0.172
17 19 0.293
73 19 0.218
75 19 0.548
41 19 0.975
59 17 0.242
1 17 0.391
70 17 0.168
55 17 0.273
82 17 0.15
43 17 0.441
58 17 0.849
89 17 0.176
63 17 0.207
22 17 0.23
3 17 0.195
26 17 0.66
96 17 0.344
60 17 0.7
108 17 0.962
34 17 0.962
24 17 0.155
20 17 0.208
107 17 0.175
5 17 0.26
53 17 0.638
2 17 0.218
14 17 0.154
52 17 0.41
19 17 0.293
23 17 0.169
62 17 0.912
61 17 0.976
54 17 0.154
75 17 0.158
41 17 0.271
35 17 0.388
59 38 0.493
88 38 0.194
39 38 0.178
25 38 0.218
70 38 0.15
86 38 0.151
67 38 0.278
43 38 0.384
114 38 0.209
4 38 0.672
103 38 0.89
111 38 0.505
13 38 0.313
63 38 0.552
27 38 0.468
9 38 0.618
16 38 0.479
29 38 0.388
22 38 0.194
3 38 0.384
26 38 0.151
94 38 0.273
51 38 0.211
96 38 0.175
60 38 0.172
108 38 0.153
34 38 0.153
30 38 0.456
104 38 0.316
106 38 0.418
72 38 0.271
71 38 0.41
20 38 0.204
7 38 0.848
107 38 0.571
66 38 0.356
5 38 0.829
53 38 0.206
2 38 0.796
105 38 0.272
85 38 0.8
37 38 0.891
28 38 0.891
14 38 0.667
68 38 0.169
76 38 0.642
36 38 0.592
15 38 0.757
8 38 0.65
31 38 0.469
110 38 0.17
12 38 0.824
47 38 0.789
92 38 0.292
73 38 0.271
91 38 0.218
69 38 0.293
65 38 0.476
75 38 0.272
6 38 0.845
48 38 0.667
49 38 0.19
59 43 0.98
120 43 0.156
1 43 0.454
21 43 0.175
70 43 0.932
86 43 0.281
67 43 0.31
10 43 0.638
58 43 0.695
114 43 0.284
4 43 0.509
123 43 0.295
103 43 0.652
111 43 0.957
13 43 0.154
97 43 0.173
63 43 0.587
27 43 0.366
9 43 0.436
16 43 0.63
29 43 0.35
3 43 0.342
56 43 0.173
26 43 0.319
94 43 0.321
51 43 0.309
60 43 0.984
108 43 0.511
34 43 0.511
30 43 0.311
104 43 0.174
106 43 0.245
72 43 0.208
71 43 0.459
20 43 0.192
7 43 0.574
107 43 0.506
66 43 0.729
5 43 0.583
53 43 0.215
2 43 0.58
46 43 0.209
105 43 0.483
85 43 0.463
37 43 0.575
28 43 0.575
38 43 0.384
14 43 0.239
76 43 0.439
36 43 0.668
15 43 0.775
8 43 0.786
62 43 0.441
61 43 0.493
31 43 0.246
12 43 0.442
47 43 0.351
64 43 0.76
17 43 0.441
92 43 0.172
73 43 0.191
69 43 0.343
75 43 0.235
6 43 0.21
48 43 0.311
49 43 0.154
59 86 0.241
39 86 0.212
21 86 0.217
25 86 0.631
70 86 0.274
55 86 0.265
67 86 0.535
124 86 0.53
43 86 0.281
10 86 0.525
84 86 0.461
58 86 0.512
114 86 0.319
4 86 0.692
89 86 0.461
57 86 0.229
103 86 0.421
111 86 0.316
13 86 0.6
97 86 0.381
63 86 0.64
27 86 0.639
9 86 0.776
16 86 0.162
29 86 0.874
22 86 0.386
3 86 0.3
42 86 0.283
26 86 0.402
94 86 0.427
51 86 0.446
96 86 0.371
60 86 0.269
108 86 0.155
34 86 0.155
30 86 0.796
104 86 0.649
106 86 0.385
122 86 0.255
24 86 0.591
72 86 0.274
71 86 0.864
118 86 0.293
95 86 0.445
20 86 0.685
102 86 0.369
7 86 0.151
107 86 0.947
66 86 0.356
5 86 0.33
53 86 0.178
2 86 0.375
77 86 0.425
105 86 0.597
85 86 0.266
37 86 0.194
28 86 0.194
38 86 0.151
15 86 0.151
109 86 0.757
31 86 0.588
12 86 0.325
47 86 0.365
18 86 0.196
92 86 0.196
73 86 0.209
75 86 0.463
59 42 0.155
39 42 0.651
21 42 0.907
25 42 0.209
115 42 0.157
86 42 0.283
84 42 0.439
58 42 0.257
114 42 0.296
4 42 0.157
103 42 0.172
13 42 0.888
63 42 0.23
27 42 0.172
9 42 0.241
29 42 0.209
22 42 0.935
3 42 0.209
26 42 0.273
94 42 0.29
51 42 0.297
96 42 0.343
60 42 0.207
108 42 0.214
34 42 0.214
30 42 0.332
24 42 0.359
71 42 0.271
20 42 0.281
102 42 0.152
5 42 0.271
40 42 0.33
2 42 0.217
77 42 0.15
105 42 0.524
37 42 0.156
28 42 0.156
14 42 0.357
76 42 0.151
19 42 0.864
44 42 0.539
12 42 0.196
41 42 0.862
59 89 0.183
100 89 0.23
98 89 0.209
79 89 0.298
1 89 0.343
99 89 0.194
39 89 0.217
25 89 0.271
80 89 0.233
93 89 0.759
55 89 0.494
86 89 0.461
67 89 0.151
45 89 0.17
124 89 0.17
10 89 0.191
84 89 0.761
58 89 0.287
114 89 0.152
4 89 0.207
57 89 0.299
103 89 0.172
13 89 0.21
97 89 0.244
63 89 0.165
29 89 0.211
22 89 0.262
81 89 0.324
56 89 0.151
26 89 0.475
94 89 0.32
51 89 0.324
96 89 0.35
60 89 0.212
108 89 0.476
34 89 0.476
30 89 0.577
24 89 0.298
71 89 0.25
95 89 0.698
20 89 0.637
102 89 0.35
53 89 0.329
2 89 0.157
52 89 0.154
19 89 0.284
83 89 0.174
78 89 0.151
61 89 0.24
17 89 0.176
41 89 0.423
59 69 0.344
21 69 0.259
70 69 0.62
67 69 0.57
43 69 0.343
4 69 0.259
103 69 0.217
111 69 0.469
13 69 0.358
63 69 0.909
27 69 0.208
9 69 0.151
16 69 0.263
29 69 0.168
3 69 0.744
94 69 0.413
60 69 0.553
7 69 0.191
107 69 0.203
5 69 0.281
2 69 0.298
85 69 0.217
37 69 0.202
28 69 0.202
38 69 0.293
14 69 0.212
68 69 0.392
36 69 0.157
15 69 0.164
61 69 0.409
47 69 0.323
64 69 0.661
65 69 0.834
6 69 0.151
49 69 0.177
59 62 0.153
79 62 0.208
1 62 0.391
67 62 0.152
82 62 0.175
43 62 0.441
58 62 0.728
4 62 0.28
103 62 0.175
22 62 0.22
81 62 0.258
26 62 0.597
51 62 0.274
96 62 0.207
60 62 0.595
108 62 0.924
34 62 0.924
95 62 0.23
20 62 0.154
7 62 0.153
5 62 0.23
53 62 0.715
2 62 0.627
105 62 0.451
37 62 0.151
28 62 0.151
52 62 0.274
36 62 0.332
19 62 0.328
23 62 0.32
61 62 0.874
12 62 0.21
17 62 0.912
41 62 0.188
59 88 0.157
79 88 0.274
1 88 0.832
39 88 0.153
25 88 0.217
80 88 0.152
93 88 0.218
70 88 0.403
115 88 0.255
55 88 0.388
84 88 0.296
57 88 0.921
103 88 0.151
97 88 0.525
9 88 0.206
29 88 0.31
22 88 0.291
81 88 0.451
26 88 0.505
94 88 0.15
51 88 0.411
96 88 0.152
60 88 0.22
108 88 0.364
34 88 0.364
30 88 0.424
24 88 0.23
101 88 0.171
71 88 0.272
20 88 0.176
107 88 0.188
53 88 0.824
38 88 0.194
83 88 0.23
90 88 0.32
113 88 0.323
23 88 0.659
32 88 0.325
31 88 0.282
54 88 0.386
35 88 0.203
59 76 0.33
21 76 0.163
70 76 0.158
45 76 0.169
43 76 0.439
10 76 0.283
4 76 0.648
103 76 0.41
111 76 0.457
13 76 0.216
63 76 0.238
27 76 0.58
9 76 0.544
16 76 0.505
29 76 0.271
22 76 0.173
3 76 0.273
42 76 0.151
26 76 0.152
94 76 0.38
51 76 0.171
60 76 0.216
108 76 0.216
34 76 0.216
30 76 0.32
104 76 0.287
72 76 0.91
71 76 0.807
118 76 0.151
95 76 0.258
20 76 0.249
7 76 0.397
107 76 0.557
66 76 0.877
5 76 0.33
2 76 0.329
77 76 0.274
105 76 0.475
85 76 0.299
37 76 0.385
28 76 0.385
38 76 0.642
36 76 0.477
15 76 0.479
8 76 0.656
31 76 0.907
12 76 0.597
47 76 0.426
92 76 0.793
73 76 0.272
75 76 0.39
6 76 0.157
35 76 0.217
49 76 0.625
59 92 0.287
99 92 0.322
86 92 0.196
67 92 0.15
43 92 0.172
84 92 0.175
4 92 0.555
103 92 0.513
111 92 0.312
97 92 0.26
63 92 0.157
27 92 0.857
9 92 0.469
16 92 0.559
29 92 0.372
94 92 0.375
30 92 0.735
104 92 0.675
106 92 0.585
24 92 0.348
72 92 0.976
71 92 0.909
112 92 0.15
95 92 0.215
20 92 0.348
7 92 0.386
107 92 0.155
66 92 0.663
5 92 0.388
2 92 0.292
77 92 0.196
105 92 0.171
85 92 0.326
37 92 0.388
28 92 0.388
38 92 0.292
14 92 0.171
76 92 0.793
36 92 0.312
15 92 0.356
8 92 0.342
23 92 0.257
31 92 0.744
110 92 0.489
12 92 0.525
47 92 0.283
73 92 0.271
91 92 0.775
75 92 0.251
6 92 0.211
35 92 0.21
49 92 0.533
59 101 0.272
100 101 0.641
98 101 0.169
99 101 0.694
88 101 0.171
70 101 0.184
114 101 0.234
123 101 0.198
97 101 0.975
94 101 0.219
30 101 0.363
106 101 0.273
122 101 0.284
24 101 0.244
71 101 0.372
118 101 0.15
102 101 0.175
107 101 0.161
31 101 0.173
59 40 0.156
117 40 0.15
39 40 0.983
21 40 0.409
67 40 0.194
84 40 0.329
58 40 0.188
114 40 0.3
103 40 0.157
13 40 0.435
63 40 0.189
27 40 0.188
22 40 0.969
3 40 0.32
42 40 0.33
56 40 0.467
94 40 0.16
51 40 0.481
96 40 0.227
60 40 0.171
108 40 0.196
34 40 0.196
122 40 0.273
24 40 0.172
72 40 0.496
71 40 0.269
20 40 0.196
102 40 0.243
53 40 0.154
77 40 0.202
109 40 0.163
44 40 0.152
59 29 0.544
1 29 0.354
88 29 0.31
39 29 0.268
21 29 0.21
25 29 0.919
70 29 0.444
55 29 0.209
86 29 0.874
67 29 0.675
124 29 0.386
43 29 0.35
10 29 0.758
84 29 0.34
58 29 0.723
114 29 0.303
4 29 0.714
89 29 0.211
57 29 0.506
103 29 0.649
111 29 0.433
13 29 0.293
97 29 0.486
63 29 0.692
27 29 0.638
9 29 0.661
16 29 0.329
22 29 0.44
3 29 0.401
42 29 0.209
56 29 0.156
26 29 0.575
94 29 0.436
51 29 0.325
96 29 0.327
60 29 0.445
108 29 0.17
34 29 0.17
30 29 0.965
104 29 0.767
106 29 0.395
24 29 0.884
72 29 0.84
71 29 0.745
95 29 0.473
20 29 0.676
102 29 0.208
7 29 0.455
107 29 0.805
66 29 0.399
5 29 0.639
53 29 0.178
2 29 0.576
46 29 0.473
77 29 0.3
105 29 0.432
85 29 0.463
37 29 0.388
28 29 0.388
38 29 0.388
14 29 0.272
76 29 0.271
36 29 0.388
15 29 0.299
109 29 0.688
8 29 0.299
23 29 0.453
32 29 0.583
31 29 0.472
110 29 0.202
12 29 0.795
47 29 0.615
18 29 0.23
92 29 0.372
73 29 0.292
91 29 0.24
69 29 0.168
75 29 0.525
6 29 0.23
35 29 0.701
59 25 0.151
1 25 0.443
88 25 0.217
39 25 0.172
70 25 0.239
55 25 0.422
86 25 0.631
10 25 0.151
84 25 0.532
58 25 0.23
4 25 0.621
89 25 0.271
57 25 0.458
103 25 0.396
13 25 0.219
97 25 0.171
63 25 0.273
27 25 0.457
121 25 0.167
9 25 0.639
16 25 0.356
29 25 0.919
22 25 0.342
3 25 0.388
42 25 0.209
26 25 0.634
94 25 0.274
51 25 0.176
96 25 0.355
60 25 0.173
108 25 0.319
34 25 0.319
30 25 0.931
104 25 0.41
106 25 0.345
24 25 0.795
72 25 0.232
71 25 0.713
118 25 0.233
95 25 0.488
20 25 0.592
102 25 0.157
7 25 0.323
107 25 0.15
5 25 0.467
53 25 0.28
2 25 0.397
46 25 0.259
77 25 0.41
85 25 0.209
37 25 0.343
28 25 0.343
38 25 0.218
36 25 0.271
15 25 0.218
109 25 0.174
8 25 0.333
90 25 0.216
23 25 0.832
32 25 0.91
31 25 0.173
12 25 0.702
47 25 0.396
87 25 0.209
73 25 0.154
75 25 0.299
6 25 0.17
33 25 0.211
59 110 0.257
98 110 0.151
117 110 0.291
84 110 0.224
114 110 0.227
4 110 0.389
103 110 0.218
111 110 0.243
97 110 0.349
63 110 0.151
9 110 0.229
16 110 0.422
29 110 0.202
3 110 0.179
81 110 0.26
56 110 0.15
94 110 0.287
96 110 0.195
108 110 0.177
34 110 0.177
30 110 0.349
104 110 0.443
106 110 0.235
72 110 0.234
71 110 0.395
112 110 0.328
118 110 0.643
20 110 0.833
7 110 0.174
66 110 0.658
5 110 0.274
2 110 0.173
105 110 0.168
37 110 0.172
28 110 0.172
38 110 0.17
36 110 0.33
15 110 0.358
109 110 0.618
8 110 0.175
12 110 0.315
92 110 0.489
49 110 0.21
59 64 0.741
70 64 0.748
67 64 0.457
43 64 0.76
114 64 0.15
103 64 0.181
111 64 0.761
63 64 0.744
3 64 0.152
60 64 0.688
2 64 0.157
36 64 0.177
47 64 0.172
69 64 0.661
65 64 0.742
59 74 0.314
100 74 0.176
1 74 0.284
99 74 0.3
21 74 0.649
55 74 0.388
45 74 0.446
124 74 0.448
84 74 0.3
58 74 0.154
4 74 0.779
57 74 0.157
103 74 0.22
111 74 0.209
13 74 0.359
63 74 0.452
27 74 0.172
16 74 0.53
3 74 0.913
26 74 0.837
94 74 0.385
96 74 0.48
60 74 0.15
108 74 0.341
34 74 0.341
30 74 0.362
24 74 0.259
71 74 0.447
118 74 0.153
95 74 0.264
20 74 0.369
102 74 0.172
5 74 0.532
2 74 0.401
77 74 0.268
85 74 0.309
37 74 0.178
28 74 0.178
14 74 0.258
52 74 0.386
36 74 0.604
15 74 0.626
8 74 0.453
90 74 0.409
31 74 0.276
12 74 0.284
47 74 0.195
73 74 0.844
65 74 0.155
75 74 0.77
48 74 0.162
49 74 0.203
59 54 0.153
88 54 0.386
70 54 0.341
55 54 0.819
57 54 0.398
123 54 0.229
63 54 0.208
121 54 0.249
26 54 0.215
96 54 0.228
60 54 0.292
108 54 0.296
34 54 0.296
71 54 0.284
118 54 0.233
53 54 0.948
17 54 0.154
59 6 0.274
25 6 0.17
43 6 0.21
4 6 0.33
103 6 0.846
111 6 0.177
13 6 0.155
63 6 0.292
27 6 0.475
9 6 0.362
16 6 0.326
29 6 0.23
3 6 0.31
30 6 0.526
72 6 0.173
71 6 0.329
7 6 0.852
5 6 0.927
2 6 0.885
85 6 0.854
37 6 0.814
28 6 0.814
38 6 0.845
14 6 0.735
76 6 0.157
36 6 0.261
15 6 0.414
8 6 0.234
12 6 0.903
47 6 0.344
92 6 0.211
73 6 0.297
91 6 0.384
69 6 0.151
75 6 0.172
48 6 0.831
49 6 0.175
59 91 0.349
99 91 0.326
10 91 0.357
4 91 0.181
103 91 0.32
27 91 0.924
9 91 0.854
16 91 0.407
29 91 0.24
3 91 0.151
94 91 0.517
30 91 0.504
104 91 0.601
122 91 0.151
24 91 0.426
72 91 0.355
71 91 0.655
95 91 0.176
7 91 0.218
107 91 0.242
5 91 0.384
2 91 0.384
105 91 0.174
85 91 0.218
37 91 0.218
28 91 0.218
38 91 0.218
15 91 0.218
23 91 0.389
12 91 0.384
92 91 0.775
6 91 0.384
35 91 0.238
48 91 0.384
120 98 0.222
100 98 0.931
1 98 0.191
99 98 0.29
70 98 0.171
115 98 0.369
55 98 0.183
82 98 0.151
124 98 0.202
10 98 0.155
84 98 0.358
114 98 0.157
89 98 0.209
123 98 0.342
13 98 0.207
97 98 0.524
121 98 0.232
81 98 0.444
26 98 0.347
94 98 0.367
51 98 0.401
96 98 0.269
108 98 0.23
34 98 0.23
30 98 0.169
104 98 0.171
106 98 0.495
122 98 0.194
24 98 0.155
72 98 0.192
101 98 0.169
71 98 0.211
118 98 0.194
95 98 0.282
20 98 0.333
102 98 0.325
2 98 0.19
105 98 0.163
90 98 0.194
31 98 0.193
110 98 0.151
120 117 0.216
79 117 0.23
99 117 0.156
39 117 0.197
80 117 0.154
93 117 0.31
116 117 0.238
84 117 0.769
58 117 0.161
114 117 0.904
57 117 0.15
97 117 0.303
81 117 0.487
56 117 0.979
94 117 0.151
51 117 0.904
106 117 0.178
20 117 0.265
102 117 0.747
7 117 0.272
66 117 0.18
40 117 0.15
2 117 0.155
46 117 0.151
37 117 0.155
28 117 0.155
19 117 0.281
83 117 0.15
61 117 0.322
110 117 0.291
120 44 0.203
39 44 0.184
21 44 0.351
13 44 0.563
22 44 0.155
42 44 0.539
51 44 0.18
108 44 0.178
34 44 0.178
40 44 0.152
37 44 0.218
28 44 0.218
14 44 0.258
19 44 0.73
83 44 0.258
18 44 0.178
41 44 0.71
49 44 0.178
100 122 0.177
98 122 0.194
1 122 0.209
99 122 0.403
70 122 0.262
115 122 0.272
55 122 0.237
86 122 0.255
116 122 0.562
82 122 0.376
10 122 0.23
84 122 0.319
4 122 0.278
57 122 0.268
123 122 0.987
103 122 0.264
111 122 0.337
97 122 0.581
63 122 0.245
27 122 0.236
121 122 0.973
9 122 0.277
16 122 0.206
3 122 0.153
81 122 0.218
26 122 0.22
94 122 0.239
51 122 0.41
108 122 0.233
34 122 0.233
30 122 0.495
104 122 0.296
106 122 0.408
24 122 0.403
72 122 0.259
101 122 0.284
71 122 0.598
112 122 0.435
118 122 0.936
95 122 0.962
20 122 0.495
102 122 0.316
40 122 0.273
68 122 0.266
36 122 0.211
90 122 0.222
113 122 0.155
91 122 0.151
100 113 0.322
99 113 0.778
88 113 0.323
39 113 0.235
70 113 0.16
115 113 0.996
67 113 0.247
116 113 0.801
124 113 0.284
123 113 0.503
111 113 0.276
13 113 0.316
97 113 0.563
121 113 0.15
9 113 0.156
22 113 0.171
56 113 0.431
26 113 0.512
51 113 0.277
60 113 0.151
108 113 0.349
34 113 0.349
122 113 0.155
112 113 0.343
118 113 0.22
95 113 0.217
107 113 0.255
53 113 0.447
90 113 0.908
79 83 0.965
88 83 0.23
117 83 0.15
80 83 0.937
93 83 0.384
115 83 0.173
116 83 0.164
82 83 0.852
89 83 0.174
57 83 0.155
81 83 0.983
56 83 0.218
26 83 0.179
51 83 0.599
118 83 0.153
95 83 0.153
20 83 0.174
53 83 0.284
37 83 0.235
28 83 0.235
78 83 0.923
23 83 0.296
44 83 0.258
79 78 0.98
80 78 0.982
93 78 0.23
115 78 0.234
82 78 0.955
114 78 0.153
89 78 0.151
123 78 0.256
81 78 0.982
56 78 0.161
26 78 0.209
51 78 0.33
60 78 0.179
118 78 0.153
20 78 0.176
53 78 0.271
83 78 0.923
79 23 0.355
88 23 0.659
25 23 0.832
80 23 0.174
93 23 0.157
115 23 0.15
57 23 0.529
103 23 0.175
9 23 0.431
29 23 0.453
81 23 0.457
26 23 0.384
51 23 0.48
108 23 0.344
34 23 0.344
30 23 0.706
104 23 0.414
106 23 0.175
24 23 0.31
71 23 0.328
95 23 0.326
20 23 0.179
53 23 0.668
105 23 0.257
52 23 0.151
83 23 0.296
62 23 0.32
61 23 0.15
32 23 0.698
17 23 0.169
92 23 0.257
91 23 0.389
33 23 0.211
79 93 0.504
99 93 0.307
88 93 0.218
117 93 0.31
80 93 0.312
116 93 0.168
82 93 0.175
10 93 0.167
84 93 0.31
114 93 0.346
89 93 0.759
57 93 0.232
123 93 0.153
111 93 0.182
97 93 0.446
81 93 0.605
56 93 0.259
26 93 0.156
94 93 0.15
51 93 0.386
30 93 0.209
104 93 0.218
24 93 0.15
71 93 0.261
118 93 0.151
95 93 0.154
20 93 0.219
102 93 0.237
66 93 0.154
53 93 0.272
83 93 0.384
78 93 0.23
23 93 0.157
31 93 0.206
79 32 0.182
1 32 0.22
88 32 0.325
25 32 0.91
80 32 0.549
57 32 0.57
29 32 0.583
81 32 0.192
26 32 0.357
51 32 0.217
108 32 0.211
34 32 0.211
30 32 0.521
24 32 0.326
71 32 0.177
20 32 0.153
53 32 0.242
2 32 0.176
23 32 0.698
87 32 0.287
33 32 0.211
11 32 0.176
99 112 0.21
115 112 0.479
116 112 0.859
123 112 0.351
111 112 0.404
121 112 0.233
26 112 0.238
94 112 0.24
122 112 0.435
118 112 0.53
95 112 0.991
7 112 0.173
90 112 0.466
113 112 0.343
110 112 0.328
92 112 0.15
88 35 0.203
21 35 0.155
70 35 0.34
57 35 0.188
103 35 0.176
27 35 0.238
9 35 0.218
16 35 0.152
29 35 0.701
94 35 0.173
96 35 0.152
30 35 0.657
106 35 0.153
24 35 0.36
72 35 0.3
71 35 0.461
102 35 0.218
7 35 0.262
66 35 0.153
2 35 0.151
46 35 0.582
77 35 0.26
37 35 0.164
28 35 0.164
76 35 0.217
8 35 0.217
17 35 0.388
92 35 0.21
91 35 0.238
39 119 0.151
67 119 0.284
10 119 0.297
58 119 0.31
57 119 0.182
63 119 0.15
51 119 0.19
60 119 0.172
24 119 0.214
53 119 0.15
18 119 0.173
39 109 0.505
21 109 0.208
25 109 0.174
86 109 0.757
67 109 0.664
124 109 0.208
10 109 0.426
58 109 0.577
4 109 0.154
57 109 0.215
13 109 0.218
97 109 0.15
63 109 0.358
9 109 0.156
29 109 0.688
3 109 0.151
26 109 0.21
94 109 0.293
60 109 0.17
30 109 0.476
104 109 0.405
24 109 0.479
71 109 0.281
118 109 0.466
95 109 0.217
20 109 0.88
40 109 0.163
2 109 0.296
77 109 0.23
110 109 0.618
18 109 0.912
39 18 0.151
21 18 0.209
86 18 0.196
67 18 0.729
10 18 0.605
58 18 0.473
57 18 0.21
63 18 0.671
9 18 0.152
29 18 0.23
26 18 0.18
108 18 0.226
34 18 0.226
30 18 0.388
104 18 0.152
24 18 0.412
71 18 0.196
20 18 0.388
119 18 0.173
68 18 0.226
109 18 0.912
44 18 0.178
49 18 0.178
25 87 0.209
84 87 0.464
57 87 0.176
26 87 0.509
60 87 0.636
102 87 0.406
53 87 0.218
32 87 0.287
11 87 0.23
25 33 0.211
3 33 0.193
108 33 0.211
34 33 0.211
30 33 0.421
24 33 0.447
20 33 0.157
46 33 0.166
23 33 0.211
32 33 0.211
4 50 0.201
16 50 0.23
36 50 0.239
26 11 0.176
32 11 0.176
87 11 0.23
