1 178 1
5 178 1
8 178 1
30 178 1
49 178 1
50 178 1
53 178 1
76 178 1
97 178 1
98 178 1
107 178 1
108 178 1
110 178 1
152 178 1
156 178 1
2 179 1
8 179 1
2 180 1
6 181 1
11 181 1
16 181 1
17 181 1
60 181 1
7 182 1
15 182 1
25 182 1
27 182 1
54 182 1
2 183 1
4 183 1
10 183 1
29 183 1
156 183 1
8 184 1
13 184 1
22 184 1
24 184 1
40 184 1
71 184 1
8 185 1
11 185 1
12 185 1
26 185 1
9 186 1
13 186 1
15 186 1
90 186 1
10 187 1
21 187 1
74 187 1
110 187 1
13 188 1
15 188 1
53 188 1
14 189 1
56 189 1
16 190 1
20 190 1
26 190 1
88 190 1
18 191 1
28 192 1
29 192 1
30 192 1
31 192 1
32 192 1
99 192 1
2 193 1
34 193 1
76 193 1
2 194 1
11 194 1
22 194 1
33 194 1
35 194 1
37 194 1
38 194 1
39 194 1
41 194 1
43 194 1
44 194 1
45 194 1
46 194 1
47 194 1
48 194 1
54 194 1
153 194 1
2 195 1
78 195 1
114 195 1
124 195 1
10 196 1
30 197 1
124 197 1
35 198 1
36 198 1
51 198 1
52 198 1
36 199 1
50 199 1
64 199 1
112 199 1
113 199 1
6 200 1
56 200 1
91 200 1
92 200 1
16 201 1
92 201 1
13 202 1
55 202 1
92 202 1
154 202 1
55 203 1
92 203 1
15 204 1
15 205 1
54 205 1
57 205 1
58 205 1
155 205 1
54 206 1
56 207 1
88 207 1
154 207 1
26 208 1
124 208 1
26 209 1
8 210 1
26 210 1
62 210 1
73 210 1
84 210 1
86 210 1
104 210 1
2 211 1
6 211 1
7 211 1
8 211 1
13 211 1
14 211 1
16 211 1
26 211 1
27 211 1
56 211 1
61 211 1
69 211 1
72 211 1
73 211 1
83 211 1
84 211 1
88 211 1
89 211 1
90 211 1
91 211 1
93 211 1
94 211 1
105 211 1
106 211 1
142 211 1
59 212 1
60 212 1
129 212 1
139 212 1
6 213 1
23 213 1
22 214 1
42 214 1
47 214 1
79 214 1
13 215 1
23 215 1
48 215 1
63 215 1
64 215 1
65 215 1
66 215 1
67 215 1
68 215 1
71 215 1
88 215 1
154 215 1
2 216 1
3 216 1
25 216 1
39 216 1
46 216 1
54 216 1
78 216 1
95 216 1
98 216 1
107 216 1
130 216 1
136 216 1
156 216 1
163 216 1
14 217 1
56 217 1
76 217 1
156 217 1
64 219 1
79 219 1
82 219 1
92 219 1
13 220 1
150 220 1
151 220 1
2 221 1
3 221 1
28 221 1
49 221 1
53 221 1
54 221 1
68 221 1
80 221 1
81 221 1
99 221 1
135 221 1
26 222 1
28 222 1
86 222 1
92 222 1
117 222 1
141 222 1
154 222 1
160 222 1
8 223 1
60 223 1
66 223 1
69 223 1
86 223 1
87 223 1
92 223 1
154 223 1
175 223 1
13 224 1
26 224 1
56 224 1
64 224 1
69 224 1
73 224 1
83 224 1
84 224 1
85 224 1
88 224 1
92 224 1
111 224 1
7 225 1
8 225 1
14 225 1
32 225 1
62 225 1
71 225 1
76 225 1
79 225 1
87 225 1
101 225 1
167 225 1
38 226 1
92 226 1
44 227 1
46 227 1
49 227 1
81 227 1
124 227 1
128 227 1
144 227 1
146 227 1
30 228 1
46 228 1
49 228 1
81 228 1
96 228 1
99 228 1
100 228 1
102 228 1
103 228 1
105 228 1
107 228 1
124 228 1
130 228 1
136 228 1
156 228 1
76 229 1
97 229 1
76 230 1
98 230 1
81 231 1
27 232 1
88 233 1
89 233 1
143 233 1
151 234 1
165 234 1
64 235 1
109 235 1
133 235 1
134 235 1
108 236 1
167 236 1
98 237 1
109 237 1
141 237 1
14 238 1
99 238 1
92 239 1
3 240 1
9 240 1
39 240 1
40 240 1
54 240 1
65 240 1
78 240 1
99 240 1
107 240 1
114 240 1
117 240 1
118 240 1
124 240 1
146 240 1
150 240 1
157 240 1
166 240 1
6 241 1
14 241 1
39 241 1
71 241 1
92 241 1
117 241 1
119 241 1
3 242 1
121 242 1
14 243 1
99 244 1
92 245 1
61 246 1
97 246 1
122 246 1
123 246 1
11 247 1
60 247 1
10 248 1
34 248 1
65 248 1
124 248 1
133 248 1
149 248 1
155 248 1
163 248 1
10 249 1
81 249 1
99 249 1
102 249 1
107 249 1
125 249 1
127 249 1
130 249 1
132 249 1
136 249 1
28 250 1
34 250 1
22 251 1
42 251 1
92 251 1
95 251 1
151 251 1
81 252 1
131 252 1
98 253 1
128 253 1
137 254 1
13 255 1
19 255 1
81 255 1
85 255 1
88 255 1
98 255 1
100 255 1
107 255 1
117 255 1
130 255 1
132 255 1
138 255 1
146 255 1
22 256 1
102 256 1
140 256 1
141 256 1
3 259 1
10 259 1
156 259 1
144 260 1
146 260 1
2 261 1
3 261 1
16 261 1
28 261 1
71 261 1
76 261 1
81 261 1
117 261 1
135 261 1
146 261 1
147 261 1
148 261 1
149 261 1
150 261 1
151 261 1
152 261 1
153 261 1
161 261 1
162 261 1
164 261 1
165 261 1
2 262 1
3 262 1
8 262 1
19 262 1
23 262 1
32 262 1
38 262 1
53 262 1
71 262 1
75 262 1
76 262 1
77 262 1
78 262 1
79 262 1
86 262 1
97 262 1
119 262 1
125 262 1
135 262 1
136 262 1
145 262 1
146 262 1
150 262 1
152 262 1
34 263 1
50 263 1
98 263 1
2 264 1
108 264 1
2 265 1
3 265 1
22 265 1
30 265 1
32 265 1
34 265 1
36 265 1
42 265 1
47 265 1
49 265 1
65 265 1
75 265 1
76 265 1
78 265 1
81 265 1
98 265 1
107 265 1
114 265 1
117 265 1
140 265 1
149 265 1
150 265 1
13 266 1
42 267 1
46 267 1
94 267 1
92 268 1
154 268 1
10 269 1
19 269 1
79 269 1
81 269 1
92 269 1
130 269 1
156 269 1
157 269 1
158 269 1
159 269 1
160 269 1
86 270 1
64 271 1
26 272 1
2 273 1
34 273 1
29 274 1
31 274 1
63 274 1
73 274 1
80 274 1
92 274 1
99 274 1
107 274 1
123 274 1
128 274 1
131 274 1
138 274 1
146 274 1
156 274 1
166 274 1
156 275 1
10 276 1
19 276 1
23 276 1
26 276 1
28 276 1
43 276 1
53 276 1
75 276 1
79 276 1
92 276 1
97 276 1
107 276 1
114 276 1
137 276 1
144 276 1
145 276 1
156 276 1
162 276 1
166 276 1
168 276 1
169 276 1
170 276 1
171 276 1
172 276 1
173 276 1
79 277 1
170 277 1
171 277 1
79 278 1
172 278 1
98 279 1
2 280 1
7 280 1
8 280 1
11 280 1
13 280 1
14 280 1
15 280 1
17 280 1
22 280 1
23 280 1
34 280 1
37 280 1
40 280 1
41 280 1
42 280 1
51 280 1
56 280 1
62 280 1
63 280 1
65 280 1
75 280 1
77 280 1
91 280 1
92 280 1
98 280 1
104 280 1
132 280 1
145 280 1
176 280 1
177 280 1
2 281 1
78 281 1
98 281 1
110 281 1
139 281 1
150 281 1
