1 178 1
3 178 1
4 178 1
5 178 1
30 178 1
32 178 1
49 178 1
50 178 1
53 178 1
97 178 1
98 178 1
110 178 1
117 178 1
152 178 1
153 178 1
8 179 1
2 180 1
6 181 1
11 181 1
16 181 1
17 181 1
23 181 1
26 181 1
60 181 1
7 182 1
15 182 1
27 182 1
150 182 1
4 183 1
10 183 1
14 183 1
29 183 1
156 183 1
8 184 1
13 184 1
22 184 1
24 184 1
98 184 1
11 185 1
12 185 1
14 185 1
26 185 1
78 185 1
9 186 1
13 186 1
15 186 1
19 186 1
90 186 1
10 187 1
21 187 1
74 187 1
110 187 1
15 188 1
16 188 1
53 188 1
56 189 1
16 190 1
20 190 1
26 190 1
88 190 1
18 191 1
70 191 1
29 192 1
30 192 1
32 192 1
99 192 1
76 193 1
8 194 1
11 194 1
22 194 1
36 194 1
37 194 1
38 194 1
39 194 1
42 194 1
43 194 1
44 194 1
45 194 1
46 194 1
47 194 1
54 194 1
114 194 1
34 195 1
59 195 1
78 195 1
114 195 1
98 196 1
132 196 1
49 197 1
124 197 1
36 198 1
50 199 1
112 199 1
6 200 1
56 200 1
92 200 1
13 201 1
16 201 1
13 202 1
55 202 1
92 202 1
154 202 1
15 204 1
26 204 1
54 205 1
57 205 1
58 205 1
92 205 1
155 205 1
54 206 1
56 207 1
88 207 1
154 207 1
26 208 1
124 208 1
8 210 1
13 210 1
26 210 1
56 210 1
62 210 1
84 210 1
85 210 1
86 210 1
88 210 1
92 210 1
2 211 1
6 211 1
7 211 1
11 211 1
13 211 1
14 211 1
56 211 1
62 211 1
72 211 1
73 211 1
83 211 1
85 211 1
86 211 1
89 211 1
91 211 1
94 211 1
105 211 1
142 211 1
59 212 1
60 212 1
98 212 1
124 212 1
129 212 1
139 212 1
6 213 1
23 213 1
92 213 1
2 214 1
22 214 1
42 214 1
13 215 1
19 215 1
23 215 1
26 215 1
48 215 1
63 215 1
65 215 1
67 215 1
68 215 1
71 215 1
86 215 1
88 215 1
2 216 1
3 216 1
5 216 1
25 216 1
39 216 1
46 216 1
54 216 1
75 216 1
77 216 1
78 216 1
95 216 1
98 216 1
99 216 1
107 216 1
124 216 1
125 216 1
130 216 1
136 216 1
156 216 1
14 217 1
56 217 1
36 218 1
58 219 1
82 219 1
92 219 1
150 220 1
151 220 1
2 221 1
3 221 1
28 221 1
49 221 1
54 221 1
68 221 1
80 221 1
82 221 1
99 221 1
124 221 1
135 221 1
8 222 1
26 222 1
86 222 1
117 222 1
141 222 1
154 222 1
160 222 1
175 222 1
60 223 1
69 223 1
86 223 1
87 223 1
92 223 1
141 223 1
154 223 1
175 223 1
26 224 1
69 224 1
73 224 1
83 224 1
84 224 1
85 224 1
92 224 1
93 224 1
7 225 1
8 225 1
14 225 1
32 225 1
71 225 1
76 225 1
87 225 1
38 226 1
44 227 1
46 227 1
49 227 1
76 227 1
87 227 1
95 227 1
102 227 1
107 227 1
110 227 1
124 227 1
128 227 1
144 227 1
146 227 1
46 228 1
49 228 1
81 228 1
96 228 1
99 228 1
100 228 1
102 228 1
103 228 1
107 228 1
124 228 1
130 228 1
136 228 1
156 228 1
76 229 1
97 229 1
108 229 1
32 230 1
76 230 1
98 230 1
81 231 1
26 233 1
88 233 1
143 233 1
44 234 1
107 234 1
151 234 1
30 235 1
64 235 1
102 235 1
109 235 1
133 235 1
134 235 1
108 236 1
167 236 1
98 237 1
109 237 1
13 238 1
14 238 1
92 239 1
9 240 1
39 240 1
40 240 1
53 240 1
54 240 1
65 240 1
75 240 1
78 240 1
99 240 1
107 240 1
114 240 1
115 240 1
116 240 1
118 240 1
146 240 1
166 240 1
6 241 1
14 241 1
17 241 1
39 241 1
71 241 1
89 241 1
92 241 1
120 241 1
3 242 1
13 242 1
14 243 1
99 244 1
92 245 1
36 246 1
61 246 1
97 246 1
122 246 1
123 246 1
5 248 1
10 248 1
34 248 1
65 248 1
99 248 1
124 248 1
134 248 1
149 248 1
155 248 1
163 248 1
10 249 1
22 249 1
81 249 1
99 249 1
102 249 1
126 249 1
127 249 1
130 249 1
132 249 1
136 249 1
28 250 1
34 250 1
22 251 1
42 251 1
92 251 1
151 251 1
38 252 1
81 252 1
116 252 1
131 252 1
135 252 1
98 253 1
128 253 1
129 253 1
137 254 1
13 255 1
16 255 1
18 255 1
79 255 1
85 255 1
88 255 1
100 255 1
130 255 1
132 255 1
138 255 1
146 255 1
22 256 1
102 256 1
110 256 1
140 256 1
141 256 1
92 257 1
10 258 1
3 259 1
10 259 1
156 259 1
28 260 1
144 260 1
146 260 1
2 261 1
3 261 1
28 261 1
30 261 1
71 261 1
76 261 1
81 261 1
92 261 1
107 261 1
117 261 1
130 261 1
135 261 1
144 261 1
145 261 1
147 261 1
148 261 1
149 261 1
150 261 1
151 261 1
153 261 1
162 261 1
163 261 1
164 261 1
165 261 1
2 262 1
8 262 1
10 262 1
19 262 1
32 262 1
39 262 1
42 262 1
53 262 1
71 262 1
75 262 1
76 262 1
78 262 1
79 262 1
86 262 1
124 262 1
125 262 1
132 262 1
135 262 1
136 262 1
150 262 1
151 262 1
152 262 1
168 262 1
34 263 1
50 263 1
98 263 1
2 264 1
2 265 1
3 265 1
22 265 1
30 265 1
35 265 1
42 265 1
49 265 1
65 265 1
76 265 1
78 265 1
81 265 1
98 265 1
107 265 1
114 265 1
117 265 1
126 265 1
128 265 1
140 265 1
149 265 1
150 265 1
151 265 1
165 265 1
46 267 1
94 267 1
154 268 1
10 269 1
19 269 1
81 269 1
92 269 1
130 269 1
156 269 1
160 269 1
86 270 1
64 271 1
2 273 1
34 273 1
140 273 1
8 274 1
11 274 1
29 274 1
31 274 1
54 274 1
63 274 1
73 274 1
92 274 1
99 274 1
107 274 1
123 274 1
128 274 1
131 274 1
138 274 1
146 274 1
156 274 1
156 275 1
19 276 1
23 276 1
28 276 1
40 276 1
43 276 1
49 276 1
53 276 1
75 276 1
79 276 1
81 276 1
86 276 1
92 276 1
97 276 1
99 276 1
104 276 1
107 276 1
114 276 1
117 276 1
130 276 1
138 276 1
144 276 1
145 276 1
146 276 1
156 276 1
157 276 1
158 276 1
162 276 1
166 276 1
168 276 1
169 276 1
170 276 1
171 276 1
172 276 1
173 276 1
79 277 1
81 277 1
19 278 1
79 278 1
130 278 1
172 278 1
98 279 1
173 279 1
174 279 1
7 280 1
8 280 1
11 280 1
13 280 1
14 280 1
15 280 1
17 280 1
22 280 1
23 280 1
34 280 1
37 280 1
40 280 1
41 280 1
42 280 1
51 280 1
56 280 1
63 280 1
65 280 1
66 280 1
75 280 1
77 280 1
91 280 1
92 280 1
98 280 1
105 280 1
125 280 1
132 280 1
145 280 1
153 280 1
176 280 1
177 280 1
2 281 1
33 281 1
78 281 1
98 281 1
110 281 1
126 281 1
139 281 1
150 281 1
151 281 1
