1 126 1
1 127 1
3 128 1
6 128 1
8 128 1
16 128 1
31 128 1
36 128 1
71 128 1
2 129 1
5 129 1
6 129 1
7 129 1
8 129 1
10 129 1
13 129 1
14 129 1
15 129 1
16 129 1
17 129 1
18 129 1
19 129 1
20 129 1
48 129 1
2 130 1
14 130 1
21 130 1
22 130 1
39 130 1
40 130 1
2 131 1
3 131 1
5 131 1
6 131 1
7 131 1
8 131 1
11 131 1
12 131 1
14 131 1
15 131 1
16 131 1
21 131 1
24 131 1
25 131 1
26 131 1
27 131 1
28 131 1
29 131 1
30 131 1
31 131 1
32 131 1
33 131 1
34 131 1
35 131 1
46 131 1
48 131 1
2 132 1
3 132 1
4 132 1
5 132 1
6 132 1
7 132 1
8 132 1
12 132 1
13 132 1
14 132 1
15 132 1
16 132 1
19 132 1
21 132 1
28 132 1
37 132 1
38 132 1
41 132 1
42 132 1
43 132 1
44 132 1
48 132 1
21 133 1
45 133 1
3 134 1
4 134 1
5 134 1
6 134 1
14 134 1
16 134 1
19 134 1
20 134 1
21 134 1
48 134 1
3 135 1
5 135 1
6 135 1
7 135 1
8 135 1
9 135 1
10 135 1
11 135 1
12 135 1
14 135 1
15 135 1
16 135 1
17 135 1
19 135 1
20 135 1
21 135 1
28 135 1
48 135 1
49 135 1
50 135 1
2 136 1
6 136 1
8 136 1
11 136 1
12 136 1
14 136 1
19 136 1
21 136 1
3 137 1
4 137 1
7 137 1
8 137 1
14 137 1
15 137 1
16 137 1
2 138 1
5 138 1
6 138 1
8 138 1
10 138 1
11 138 1
12 138 1
14 138 1
15 138 1
16 138 1
19 138 1
20 138 1
21 138 1
48 138 1
51 139 1
53 140 1
23 141 1
23 142 1
56 144 1
9 145 1
17 145 1
21 145 1
34 145 1
43 145 1
58 145 1
59 145 1
60 145 1
61 145 1
62 145 1
111 145 1
9 146 1
21 146 1
43 146 1
111 146 1
15 147 1
43 147 1
60 147 1
63 147 1
64 147 1
65 147 1
66 147 1
67 147 1
68 147 1
69 147 1
15 148 1
43 148 1
63 148 1
65 148 1
66 148 1
67 148 1
69 148 1
15 149 1
60 149 1
63 149 1
65 149 1
67 149 1
68 149 1
69 149 1
70 149 1
60 150 1
63 150 1
64 150 1
65 150 1
66 150 1
67 150 1
68 150 1
43 151 1
63 151 1
64 151 1
65 151 1
66 151 1
68 151 1
69 151 1
43 152 1
60 152 1
64 152 1
67 152 1
68 152 1
69 152 1
43 153 1
60 153 1
63 153 1
64 153 1
65 153 1
66 153 1
68 153 1
69 153 1
15 154 1
43 154 1
60 154 1
63 154 1
64 154 1
65 154 1
66 154 1
67 154 1
68 154 1
69 154 1
63 155 1
64 155 1
65 155 1
66 155 1
67 155 1
68 155 1
43 156 1
60 156 1
63 156 1
64 156 1
65 156 1
67 156 1
68 156 1
69 156 1
3 157 1
4 157 1
7 157 1
15 157 1
16 157 1
31 157 1
36 157 1
43 157 1
48 157 1
50 157 1
71 157 1
72 157 1
73 157 1
3 158 1
4 158 1
5 158 1
6 158 1
8 158 1
10 158 1
12 158 1
15 158 1
16 158 1
21 158 1
27 158 1
28 158 1
31 158 1
36 158 1
43 158 1
48 158 1
50 158 1
71 158 1
72 158 1
73 158 1
74 158 1
75 158 1
76 158 1
77 158 1
78 159 1
79 159 1
81 159 1
82 159 1
3 161 1
7 161 1
10 161 1
31 161 1
46 161 1
85 161 1
10 162 1
86 163 1
86 164 1
21 165 1
87 165 1
52 166 1
87 166 1
88 166 1
26 167 1
89 167 1
90 168 1
27 169 1
91 169 1
92 169 1
93 169 1
27 170 1
3 171 1
15 171 1
16 171 1
31 171 1
47 171 1
71 171 1
72 171 1
75 171 1
77 171 1
43 172 1
94 172 1
95 172 1
96 172 1
94 174 1
94 175 1
94 176 1
96 176 1
95 177 1
94 178 1
94 179 1
8 180 1
15 180 1
16 180 1
31 180 1
47 180 1
71 180 1
72 180 1
88 181 1
97 181 1
98 181 1
99 181 1
100 181 1
101 181 1
102 182 1
102 183 1
102 184 1
105 185 1
106 187 1
105 188 1
107 188 1
104 189 1
104 190 1
103 191 1
104 191 1
15 192 1
43 192 1
60 192 1
63 192 1
64 192 1
65 192 1
66 192 1
68 192 1
69 192 1
7 193 1
7 194 1
71 194 1
98 196 1
100 196 1
98 198 1
98 199 1
98 200 1
108 201 1
20 202 1
39 202 1
110 202 1
78 203 1
79 203 1
80 203 1
96 203 1
111 203 1
111 204 1
111 205 1
95 206 1
96 206 1
112 207 1
113 208 1
114 208 1
115 208 1
71 209 1
89 210 1
45 212 1
45 213 1
55 214 1
60 215 1
63 215 1
64 215 1
66 215 1
67 215 1
68 215 1
116 216 1
113 217 1
115 217 1
21 218 1
21 219 1
45 219 1
117 220 1
119 221 1
120 222 1
121 223 1
121 224 1
121 225 1
122 225 1
124 227 1
