1 125 1
1 126 1
1 127 1
2 128 1
3 128 1
4 128 1
5 128 1
6 128 1
7 128 1
8 128 1
16 128 1
31 128 1
36 128 1
2 129 1
5 129 1
6 129 1
7 129 1
8 129 1
9 129 1
11 129 1
12 129 1
15 129 1
17 129 1
18 129 1
19 129 1
20 129 1
21 129 1
48 129 1
14 130 1
21 130 1
22 130 1
40 130 1
2 131 1
3 131 1
5 131 1
6 131 1
7 131 1
8 131 1
12 131 1
15 131 1
21 131 1
23 131 1
24 131 1
25 131 1
27 131 1
28 131 1
29 131 1
30 131 1
32 131 1
33 131 1
34 131 1
35 131 1
36 131 1
47 131 1
48 131 1
3 132 1
4 132 1
6 132 1
7 132 1
16 132 1
19 132 1
21 132 1
28 132 1
36 132 1
37 132 1
38 132 1
42 132 1
43 132 1
44 132 1
48 132 1
2 133 1
21 133 1
45 133 1
2 134 1
3 134 1
5 134 1
6 134 1
7 134 1
8 134 1
10 134 1
11 134 1
12 134 1
15 134 1
16 134 1
17 134 1
18 134 1
20 134 1
21 134 1
48 134 1
2 135 1
3 135 1
5 135 1
6 135 1
7 135 1
8 135 1
9 135 1
10 135 1
11 135 1
12 135 1
14 135 1
15 135 1
16 135 1
17 135 1
20 135 1
28 135 1
48 135 1
50 135 1
2 136 1
5 136 1
6 136 1
7 136 1
8 136 1
10 136 1
11 136 1
16 136 1
19 136 1
21 136 1
48 136 1
2 137 1
4 137 1
5 137 1
7 137 1
8 137 1
15 137 1
16 137 1
2 138 1
5 138 1
6 138 1
7 138 1
10 138 1
12 138 1
14 138 1
15 138 1
16 138 1
19 138 1
21 138 1
48 138 1
51 139 1
52 140 1
53 140 1
54 140 1
55 140 1
23 141 1
23 142 1
56 143 1
57 144 1
9 145 1
17 145 1
21 145 1
34 145 1
43 145 1
58 145 1
60 145 1
61 145 1
111 145 1
9 146 1
21 146 1
43 146 1
58 146 1
59 146 1
111 146 1
15 147 1
43 147 1
60 147 1
64 147 1
67 147 1
68 147 1
69 147 1
15 148 1
60 148 1
63 148 1
64 148 1
66 148 1
67 148 1
68 148 1
69 148 1
15 149 1
43 149 1
60 149 1
63 149 1
64 149 1
65 149 1
66 149 1
67 149 1
68 149 1
69 149 1
70 149 1
43 150 1
60 150 1
63 150 1
64 150 1
66 150 1
68 150 1
69 150 1
43 151 1
60 151 1
63 151 1
65 151 1
67 151 1
69 151 1
43 152 1
60 152 1
63 152 1
65 152 1
66 152 1
67 152 1
68 152 1
15 153 1
43 153 1
60 153 1
66 153 1
67 153 1
68 153 1
15 154 1
43 154 1
60 154 1
63 154 1
65 154 1
68 154 1
43 155 1
60 155 1
63 155 1
64 155 1
65 155 1
66 155 1
68 155 1
69 155 1
60 156 1
63 156 1
64 156 1
66 156 1
68 156 1
69 156 1
3 157 1
4 157 1
5 157 1
7 157 1
8 157 1
15 157 1
31 157 1
43 157 1
46 157 1
48 157 1
50 157 1
71 157 1
72 157 1
3 158 1
5 158 1
7 158 1
8 158 1
10 158 1
12 158 1
15 158 1
16 158 1
21 158 1
27 158 1
28 158 1
31 158 1
36 158 1
46 158 1
47 158 1
48 158 1
50 158 1
66 158 1
72 158 1
74 158 1
75 158 1
76 158 1
77 158 1
78 159 1
80 159 1
81 159 1
82 159 1
83 159 1
84 160 1
7 161 1
10 161 1
14 161 1
31 161 1
46 161 1
10 162 1
86 163 1
86 164 1
5 165 1
17 165 1
21 165 1
45 165 1
87 165 1
26 166 1
88 166 1
89 167 1
90 168 1
27 169 1
91 169 1
92 169 1
27 170 1
91 170 1
92 170 1
3 171 1
4 171 1
8 171 1
31 171 1
47 171 1
71 171 1
72 171 1
75 171 1
77 171 1
43 172 1
94 172 1
95 172 1
96 172 1
94 173 1
94 174 1
94 175 1
94 176 1
94 177 1
95 177 1
94 178 1
3 180 1
15 180 1
16 180 1
31 180 1
71 180 1
72 180 1
97 181 1
98 181 1
99 181 1
100 181 1
101 181 1
102 182 1
102 183 1
103 185 1
104 185 1
106 186 1
104 188 1
105 188 1
107 188 1
104 189 1
18 191 1
103 191 1
104 191 1
105 191 1
15 192 1
43 192 1
63 192 1
66 192 1
67 192 1
68 192 1
69 192 1
7 193 1
71 194 1
98 195 1
98 196 1
98 197 1
98 199 1
98 200 1
20 202 1
109 202 1
110 202 1
118 202 1
78 203 1
79 203 1
80 203 1
82 203 1
96 203 1
111 205 1
94 206 1
95 206 1
96 206 1
112 207 1
113 208 1
114 208 1
71 209 1
89 210 1
114 211 1
45 212 1
21 213 1
45 213 1
55 214 1
43 215 1
60 215 1
65 215 1
66 215 1
67 215 1
68 215 1
69 215 1
116 216 1
113 217 1
115 217 1
21 218 1
45 219 1
117 220 1
119 221 1
120 222 1
121 223 1
121 224 1
122 224 1
121 225 1
122 225 1
123 226 1
124 227 1
105 228 1
